24
[-1, 0, 188, 45, 324, 0, 210, 0, 290, 21, 0, 460, 240, 63, 466, 412, 0, 475, 0, 0, 0, 395, 0, 0, 
0, -1, 381, 0, 446, 56, 148, 0, 222, 0, 0, 327, 0, 103, 56, 0, 0, 292, 70, 31, 0, 0, 341, 36, 
188, 381, -1, 0, 430, 452, 10, 320, 0, 412, 75, 0, 451, 13, 0, 0, 0, 6, 0, 0, 0, 173, 111, 36, 
45, 0, 0, -1, 148, 0, 0, 0, 490, 0, 26, 0, 0, 0, 0, 0, 246, 241, 15, 0, 0, 484, 0, 419, 
324, 446, 430, 148, -1, 290, 0, 0, 0, 211, 0, 0, 0, 0, 61, 193, 0, 83, 460, 409, 0, 0, 146, 77, 
0, 56, 452, 0, 290, -1, 0, 49, 0, 0, 150, 0, 23, 0, 488, 122, 0, 0, 0, 28, 64, 0, 134, 0, 
210, 148, 10, 0, 0, 0, -1, 0, 96, 0, 0, 30, 0, 497, 428, 0, 124, 0, 330, 0, 0, 0, 367, 458, 
0, 0, 320, 0, 0, 49, 0, -1, 338, 81, 32, 435, 109, 401, 0, 124, 139, 0, 0, 412, 0, 113, 0, 370, 
290, 222, 0, 490, 0, 0, 96, 338, -1, 0, 0, 154, 54, 0, 205, 182, 27, 292, 0, 224, 52, 0, 298, 0, 
21, 0, 412, 0, 211, 0, 0, 81, 0, -1, 0, 91, 403, 409, 120, 0, 0, 0, 0, 0, 0, 71, 0, 0, 
0, 0, 75, 26, 0, 150, 0, 32, 0, 0, -1, 52, 0, 0, 458, 7, 0, 0, 0, 278, 236, 104, 32, 23, 
460, 327, 0, 0, 0, 0, 30, 435, 154, 91, 52, -1, 356, 0, 294, 273, 0, 0, 30, 0, 0, 97, 0, 20, 
240, 0, 451, 0, 0, 23, 0, 109, 54, 403, 0, 356, -1, 0, 0, 180, 0, 11, 0, 0, 400, 0, 0, 303, 
63, 103, 13, 0, 0, 0, 497, 401, 0, 409, 0, 0, 0, -1, 213, 355, 0, 0, 0, 268, 0, 63, 0, 0, 
466, 56, 0, 0, 61, 488, 428, 0, 205, 120, 458, 294, 0, 213, -1, 82, 58, 360, 0, 0, 0, 393, 375, 192, 
412, 0, 0, 0, 193, 122, 0, 124, 182, 0, 7, 273, 180, 355, 82, -1, 0, 0, 0, 0, 0, 0, 37, 0, 
0, 0, 0, 246, 0, 0, 124, 139, 27, 0, 0, 0, 0, 0, 58, 0, -1, 145, 0, 435, 219, 452, 8, 0, 
475, 292, 6, 241, 83, 0, 0, 0, 292, 0, 0, 0, 11, 0, 360, 0, 145, -1, 0, 0, 367, 402, 194, 0, 
0, 70, 0, 15, 460, 0, 330, 0, 0, 0, 0, 30, 0, 0, 0, 0, 0, 0, -1, 467, 274, 62, 104, 256, 
0, 31, 0, 0, 409, 28, 0, 412, 224, 0, 278, 0, 0, 268, 0, 0, 435, 0, 467, -1, 29, 0, 474, 0, 
0, 0, 0, 0, 0, 64, 0, 0, 52, 0, 236, 0, 400, 0, 0, 0, 219, 367, 274, 29, -1, 0, 14, 292, 
395, 0, 173, 484, 0, 0, 0, 113, 0, 71, 104, 97, 0, 63, 393, 0, 452, 402, 62, 0, 0, -1, 375, 0, 
0, 341, 111, 0, 146, 134, 367, 0, 298, 0, 32, 0, 0, 0, 375, 37, 8, 194, 104, 474, 14, 375, -1, 221, 
0, 36, 36, 419, 77, 0, 458, 370, 0, 0, 23, 20, 303, 0, 192, 0, 0, 0, 256, 0, 292, 0, 221, -1]