21
[-1, 58, 0, 0, 0, 69, 9, 65, 0, 42, 0, 81, 2, 0, 0, 37, 46, 10, 0, 68, 0, 
58, -1, 0, 0, 0, 85, 4, 0, 0, 0, 93, 61, 0, 85, 0, 0, 74, 70, 0, 23, 3, 
0, 0, -1, 34, 35, 0, 0, 0, 92, 70, 0, 64, 0, 68, 75, 0, 15, 38, 3, 0, 0, 
0, 0, 34, -1, 54, 0, 0, 0, 0, 73, 21, 18, 22, 58, 0, 0, 90, 26, 1, 73, 0, 
0, 0, 35, 54, -1, 68, 21, 92, 0, 0, 0, 0, 99, 75, 0, 0, 83, 0, 81, 0, 4, 
69, 85, 0, 0, 68, -1, 27, 94, 41, 16, 0, 56, 0, 30, 0, 30, 0, 0, 71, 0, 36, 
9, 4, 0, 0, 21, 27, -1, 7, 90, 0, 0, 31, 34, 34, 0, 0, 27, 68, 14, 31, 78, 
65, 0, 0, 0, 92, 94, 7, -1, 71, 72, 64, 73, 38, 0, 77, 0, 0, 0, 0, 0, 53, 
0, 0, 92, 0, 0, 41, 90, 71, -1, 38, 0, 0, 41, 31, 79, 51, 62, 32, 0, 0, 0, 
42, 0, 70, 73, 0, 16, 0, 72, 38, -1, 34, 0, 21, 64, 0, 27, 0, 55, 83, 16, 59, 
0, 93, 0, 21, 0, 0, 0, 64, 0, 34, -1, 20, 0, 13, 77, 7, 0, 0, 0, 19, 84, 
81, 61, 64, 18, 0, 56, 31, 73, 0, 0, 20, -1, 84, 0, 3, 78, 6, 0, 48, 0, 90, 
2, 0, 0, 22, 99, 0, 34, 38, 41, 21, 0, 84, -1, 23, 0, 0, 0, 56, 0, 23, 69, 
0, 85, 68, 58, 75, 30, 34, 0, 31, 64, 13, 0, 23, -1, 0, 94, 79, 0, 10, 0, 0, 
0, 0, 75, 0, 0, 0, 0, 77, 79, 0, 77, 3, 0, 0, -1, 0, 76, 0, 0, 57, 0, 
37, 0, 0, 0, 0, 30, 0, 0, 51, 27, 7, 78, 0, 94, 0, -1, 63, 0, 0, 0, 97, 
46, 74, 15, 90, 83, 0, 27, 0, 62, 0, 0, 6, 0, 79, 76, 63, -1, 0, 45, 99, 20, 
10, 70, 38, 26, 0, 0, 68, 0, 32, 55, 0, 0, 56, 0, 0, 0, 0, -1, 7, 71, 0, 
0, 0, 3, 1, 81, 71, 14, 0, 0, 83, 0, 48, 0, 10, 0, 0, 45, 7, -1, 0, 0, 
68, 23, 0, 73, 0, 0, 31, 0, 0, 16, 19, 0, 23, 0, 57, 0, 99, 71, 0, -1, 0, 
0, 3, 0, 0, 4, 36, 78, 53, 0, 59, 84, 90, 69, 0, 0, 97, 20, 0, 0, 0, -1]