10
[[-1, 3, 6, 9, 5, 5, 3, 3, 5, 4],[3, -1, 8, 9, 8, 5, 0, 8, 3, 1],[6, 8, -1, 9, 0, 0, 9, 2, 9, 4],[9, 9, 9, -1, 0, 0, 2, 4, 9, 0],[5, 8, 0, 0, -1, 2, 0, 1, 7, 8],[5, 5, 0, 0, 2, -1, 0, 5, 0, 9],[3, 0, 9, 2, 0, 0, -1, 0, 3, 2],[3, 8, 2, 4, 1, 5, 0, -1, 7, 7],[5, 3, 9, 9, 7, 0, 3, 7, -1, 0],[4, 1, 4, 0, 8, 9, 2, 7, 0, -1]]

graph = [[-1, 3, 6, 9, 5, 5, 3, 3, 5, 4],
              [3, -1, 8, 9, 8, 5, 0, 8, 3, 1],
              [6, 8, -1, 9, 0, 0, 9, 2, 9, 4],
              [9, 9, 9, -1, 0, 0, 2, 4, 9, 0],
              [5, 8, 0, 0, -1, 2, 0, 1, 7, 8],
              [5, 5, 0, 0, 2, -1, 0, 5, 0, 9],
              [3, 0, 9, 2, 0, 0, -1, 0, 3, 2],
              [3, 8, 2, 4, 1, 5, 0, -1, 7, 7],
              [5, 3, 9, 9, 7, 0, 3, 7, -1, 0],
              [4, 1, 4, 0, 8, 9, 2, 7, 0, -1]]
