37
[-1, 16, 88, 186, 183, 34, 146, 135, 13, 226, 96, 33, 204, 201, 105, 299, 81, 45, 161, 159, 227, 213, 307, 297, 152, 211, 219, 170, 173, 32, 183, 111, 73, 64, 72, 51, 99, 
16, -1, 72, 202, 199, 50, 130, 119, 29, 210, 80, 49, 188, 185, 89, 283, 65, 61, 177, 143, 211, 197, 291, 281, 168, 195, 203, 186, 157, 16, 199, 127, 89, 80, 88, 35, 83, 
88, 72, -1, 274, 271, 122, 58, 47, 101, 138, 8, 121, 116, 113, 17, 211, 7, 133, 249, 71, 139, 125, 219, 209, 240, 123, 131, 258, 85, 56, 271, 199, 161, 152, 160, 37, 11, 
186, 202, 274, -1, 3, 152, 332, 321, 173, 412, 282, 153, 390, 387, 291, 485, 267, 141, 25, 345, 413, 399, 493, 483, 34, 397, 405, 16, 359, 218, 3, 75, 113, 122, 114, 237, 285, 
183, 199, 271, 3, -1, 149, 329, 318, 170, 409, 279, 150, 387, 384, 288, 482, 264, 138, 22, 342, 410, 396, 490, 480, 31, 394, 402, 13, 356, 215, 0, 72, 110, 119, 111, 234, 282, 
34, 50, 122, 152, 149, -1, 180, 169, 21, 260, 130, 1, 238, 235, 139, 333, 115, 11, 127, 193, 261, 247, 341, 331, 118, 245, 253, 136, 207, 66, 149, 77, 39, 30, 38, 85, 133, 
146, 130, 58, 332, 329, 180, -1, 11, 159, 80, 50, 179, 58, 55, 41, 153, 65, 191, 307, 13, 81, 67, 161, 151, 298, 65, 73, 316, 27, 114, 329, 257, 219, 210, 218, 95, 47, 
135, 119, 47, 321, 318, 169, 11, -1, 148, 91, 39, 168, 69, 66, 30, 164, 54, 180, 296, 24, 92, 78, 172, 162, 287, 76, 84, 305, 38, 103, 318, 246, 208, 199, 207, 84, 36, 
13, 29, 101, 173, 170, 21, 159, 148, -1, 239, 109, 20, 217, 214, 118, 312, 94, 32, 148, 172, 240, 226, 320, 310, 139, 224, 232, 157, 186, 45, 170, 98, 60, 51, 59, 64, 112, 
226, 210, 138, 412, 409, 260, 80, 91, 239, -1, 130, 259, 22, 25, 121, 73, 145, 271, 387, 67, 1, 13, 81, 71, 378, 15, 7, 396, 53, 194, 409, 337, 299, 290, 298, 175, 127, 
96, 80, 8, 282, 279, 130, 50, 39, 109, 130, -1, 129, 108, 105, 9, 203, 15, 141, 257, 63, 131, 117, 211, 201, 248, 115, 123, 266, 77, 64, 279, 207, 169, 160, 168, 45, 3, 
33, 49, 121, 153, 150, 1, 179, 168, 20, 259, 129, -1, 237, 234, 138, 332, 114, 12, 128, 192, 260, 246, 340, 330, 119, 244, 252, 137, 206, 65, 150, 78, 40, 31, 39, 84, 132, 
204, 188, 116, 390, 387, 238, 58, 69, 217, 22, 108, 237, -1, 3, 99, 95, 123, 249, 365, 45, 23, 9, 103, 93, 356, 7, 15, 374, 31, 172, 387, 315, 277, 268, 276, 153, 105, 
201, 185, 113, 387, 384, 235, 55, 66, 214, 25, 105, 234, 3, -1, 96, 98, 120, 246, 362, 42, 26, 12, 106, 96, 353, 10, 18, 371, 28, 169, 384, 312, 274, 265, 273, 150, 102, 
105, 89, 17, 291, 288, 139, 41, 30, 118, 121, 9, 138, 99, 96, -1, 194, 24, 150, 266, 54, 122, 108, 202, 192, 257, 106, 114, 275, 68, 73, 288, 216, 178, 169, 177, 54, 6, 
299, 283, 211, 485, 482, 333, 153, 164, 312, 73, 203, 332, 95, 98, 194, -1, 218, 344, 460, 140, 72, 86, 8, 2, 451, 88, 80, 469, 126, 267, 482, 410, 372, 363, 371, 248, 200, 
81, 65, 7, 267, 264, 115, 65, 54, 94, 145, 15, 114, 123, 120, 24, 218, -1, 126, 242, 78, 146, 132, 226, 216, 233, 130, 138, 251, 92, 49, 264, 192, 154, 145, 153, 30, 18, 
45, 61, 133, 141, 138, 11, 191, 180, 32, 271, 141, 12, 249, 246, 150, 344, 126, -1, 116, 204, 272, 258, 352, 342, 107, 256, 264, 125, 218, 77, 138, 66, 28, 19, 27, 96, 144, 
161, 177, 249, 25, 22, 127, 307, 296, 148, 387, 257, 128, 365, 362, 266, 460, 242, 116, -1, 320, 388, 374, 468, 458, 9, 372, 380, 9, 334, 193, 22, 50, 88, 97, 89, 212, 260, 
159, 143, 71, 345, 342, 193, 13, 24, 172, 67, 63, 192, 45, 42, 54, 140, 78, 204, 320, -1, 68, 54, 148, 138, 311, 52, 60, 329, 14, 127, 342, 270, 232, 223, 231, 108, 60, 
227, 211, 139, 413, 410, 261, 81, 92, 240, 1, 131, 260, 23, 26, 122, 72, 146, 272, 388, 68, -1, 14, 80, 70, 379, 16, 8, 397, 54, 195, 410, 338, 300, 291, 299, 176, 128, 
213, 197, 125, 399, 396, 247, 67, 78, 226, 13, 117, 246, 9, 12, 108, 86, 132, 258, 374, 54, 14, -1, 94, 84, 365, 2, 6, 383, 40, 181, 396, 324, 286, 277, 285, 162, 114, 
307, 291, 219, 493, 490, 341, 161, 172, 320, 81, 211, 340, 103, 106, 202, 8, 226, 352, 468, 148, 80, 94, -1, 10, 459, 96, 88, 477, 134, 275, 490, 418, 380, 371, 379, 256, 208, 
297, 281, 209, 483, 480, 331, 151, 162, 310, 71, 201, 330, 93, 96, 192, 2, 216, 342, 458, 138, 70, 84, 10, -1, 449, 86, 78, 467, 124, 265, 480, 408, 370, 361, 369, 246, 198, 
152, 168, 240, 34, 31, 118, 298, 287, 139, 378, 248, 119, 356, 353, 257, 451, 233, 107, 9, 311, 379, 365, 459, 449, -1, 363, 371, 18, 325, 184, 31, 41, 79, 88, 80, 203, 251, 
211, 195, 123, 397, 394, 245, 65, 76, 224, 15, 115, 244, 7, 10, 106, 88, 130, 256, 372, 52, 16, 2, 96, 86, 363, -1, 8, 381, 38, 179, 394, 322, 284, 275, 283, 160, 112, 
219, 203, 131, 405, 402, 253, 73, 84, 232, 7, 123, 252, 15, 18, 114, 80, 138, 264, 380, 60, 8, 6, 88, 78, 371, 8, -1, 389, 46, 187, 402, 330, 292, 283, 291, 168, 120, 
170, 186, 258, 16, 13, 136, 316, 305, 157, 396, 266, 137, 374, 371, 275, 469, 251, 125, 9, 329, 397, 383, 477, 467, 18, 381, 389, -1, 343, 202, 13, 59, 97, 106, 98, 221, 269, 
173, 157, 85, 359, 356, 207, 27, 38, 186, 53, 77, 206, 31, 28, 68, 126, 92, 218, 334, 14, 54, 40, 134, 124, 325, 38, 46, 343, -1, 141, 356, 284, 246, 237, 245, 122, 74, 
32, 16, 56, 218, 215, 66, 114, 103, 45, 194, 64, 65, 172, 169, 73, 267, 49, 77, 193, 127, 195, 181, 275, 265, 184, 179, 187, 202, 141, -1, 215, 143, 105, 96, 104, 19, 67, 
183, 199, 271, 3, 0, 149, 329, 318, 170, 409, 279, 150, 387, 384, 288, 482, 264, 138, 22, 342, 410, 396, 490, 480, 31, 394, 402, 13, 356, 215, -1, 72, 110, 119, 111, 234, 282, 
111, 127, 199, 75, 72, 77, 257, 246, 98, 337, 207, 78, 315, 312, 216, 410, 192, 66, 50, 270, 338, 324, 418, 408, 41, 322, 330, 59, 284, 143, 72, -1, 38, 47, 39, 162, 210, 
73, 89, 161, 113, 110, 39, 219, 208, 60, 299, 169, 40, 277, 274, 178, 372, 154, 28, 88, 232, 300, 286, 380, 370, 79, 284, 292, 97, 246, 105, 110, 38, -1, 9, 1, 124, 172, 
64, 80, 152, 122, 119, 30, 210, 199, 51, 290, 160, 31, 268, 265, 169, 363, 145, 19, 97, 223, 291, 277, 371, 361, 88, 275, 283, 106, 237, 96, 119, 47, 9, -1, 8, 115, 163, 
72, 88, 160, 114, 111, 38, 218, 207, 59, 298, 168, 39, 276, 273, 177, 371, 153, 27, 89, 231, 299, 285, 379, 369, 80, 283, 291, 98, 245, 104, 111, 39, 1, 8, -1, 123, 171, 
51, 35, 37, 237, 234, 85, 95, 84, 64, 175, 45, 84, 153, 150, 54, 248, 30, 96, 212, 108, 176, 162, 256, 246, 203, 160, 168, 221, 122, 19, 234, 162, 124, 115, 123, -1, 48, 
99, 83, 11, 285, 282, 133, 47, 36, 112, 127, 3, 132, 105, 102, 6, 200, 18, 144, 260, 60, 128, 114, 208, 198, 251, 112, 120, 269, 74, 67, 282, 210, 172, 163, 171, 48, -1]