28
[-1, 728, 0, 70, 0, 52, 0, 0, 482, 0, 836, 106, 0, 971, 116, 0, 111, 883, 260, 144, 889, 0, 323, 412, 418, 0, 0, 692, 
886, -1, 453, 16, 217, 405, 0, 0, 0, 0, 29, 134, 0, 135, 773, 0, 0, 538, 0, 0, 0, 0, 253, 0, 0, 0, 0, 0, 
743, 0, -1, 0, 651, 943, 0, 0, 261, 0, 222, 913, 261, 0, 41, 552, 447, 752, 0, 290, 0, 678, 949, 544, 955, 0, 0, 0, 
0, 915, 0, -1, 0, 0, 0, 565, 0, 0, 948, 0, 0, 233, 0, 0, 711, 933, 635, 0, 0, 440, 454, 457, 97, 0, 0, 0, 
0, 0, 808, 0, -1, 0, 854, 0, 551, 394, 0, 0, 0, 793, 0, 807, 0, 88, 222, 0, 0, 787, 255, 711, 844, 619, 553, 551, 
0, 0, 0, 0, 783, -1, 402, 775, 0, 275, 0, 768, 462, 0, 0, 0, 0, 0, 797, 840, 0, 849, 27, 874, 0, 682, 0, 116, 
924, 0, 619, 0, 633, 258, -1, 697, 366, 90, 0, 331, 0, 0, 0, 190, 97, 0, 0, 0, 0, 231, 491, 0, 0, 0, 234, 475, 
614, 119, 707, 0, 0, 716, 0, -1, 275, 667, 0, 0, 0, 0, 0, 471, 748, 464, 415, 0, 0, 0, 0, 0, 0, 0, 0, 0, 
0, 348, 347, 400, 925, 866, 61, 141, -1, 416, 0, 0, 0, 760, 0, 0, 266, 0, 0, 802, 572, 0, 616, 0, 0, 201, 0, 117, 
225, 83, 0, 909, 822, 774, 0, 190, 154, -1, 862, 990, 0, 0, 592, 0, 0, 0, 100, 503, 508, 244, 427, 0, 892, 953, 0, 582, 
0, 0, 943, 0, 0, 0, 374, 0, 946, 0, -1, 789, 0, 66, 583, 592, 488, 129, 744, 0, 285, 746, 0, 605, 882, 493, 0, 0, 
0, 351, 0, 0, 20, 783, 0, 0, 0, 652, 0, -1, 411, 634, 231, 0, 0, 52, 574, 352, 0, 205, 557, 0, 0, 908, 0, 863, 
0, 0, 0, 259, 471, 258, 0, 0, 930, 409, 0, 999, -1, 0, 0, 0, 820, 335, 729, 431, 686, 0, 244, 0, 795, 244, 331, 0, 
0, 795, 0, 981, 950, 220, 0, 229, 0, 721, 274, 94, 753, -1, 620, 0, 549, 809, 326, 0, 860, 0, 0, 618, 30, 971, 92, 0, 
0, 0, 246, 77, 0, 539, 670, 894, 0, 365, 675, 0, 329, 533, -1, 118, 0, 761, 466, 775, 439, 0, 0, 0, 903, 402, 0, 0, 
0, 937, 0, 245, 694, 31, 713, 0, 446, 0, 0, 0, 656, 337, 0, -1, 645, 0, 0, 0, 576, 0, 0, 691, 0, 281, 0, 0, 
0, 713, 0, 276, 0, 437, 769, 74, 0, 0, 999, 0, 353, 650, 668, 234, -1, 0, 0, 627, 0, 0, 712, 0, 539, 390, 0, 0, 
131, 332, 0, 363, 0, 851, 341, 0, 323, 0, 126, 658, 199, 128, 602, 229, 313, -1, 0, 973, 0, 0, 0, 519, 0, 0, 0, 0, 
0, 665, 350, 257, 0, 494, 521, 256, 0, 866, 777, 861, 611, 0, 82, 188, 0, 208, -1, 0, 720, 0, 0, 169, 0, 845, 0, 0, 
135, 0, 379, 417, 0, 0, 0, 737, 625, 766, 635, 210, 0, 696, 0, 559, 0, 0, 405, -1, 820, 0, 0, 0, 334, 171, 0, 0, 
810, 0, 0, 474, 230, 301, 114, 808, 0, 0, 0, 164, 796, 380, 0, 0, 0, 639, 572, 804, -1, 300, 603, 787, 986, 0, 0, 0, 
320, 212, 246, 0, 822, 683, 0, 130, 0, 0, 162, 280, 967, 0, 0, 216, 0, 0, 882, 993, 0, -1, 579, 0, 0, 0, 38, 974, 
403, 894, 731, 838, 155, 0, 0, 14, 0, 275, 292, 0, 450, 0, 0, 0, 738, 751, 0, 0, 539, 0, -1, 0, 0, 0, 0, 0, 
611, 0, 0, 64, 0, 712, 0, 411, 627, 101, 0, 0, 840, 561, 335, 0, 911, 704, 0, 0, 0, 671, 0, -1, 0, 705, 0, 765, 
0, 662, 0, 74, 0, 0, 0, 0, 0, 246, 0, 0, 210, 0, 0, 832, 291, 26, 0, 80, 0, 0, 650, 408, -1, 379, 0, 540, 
0, 149, 505, 0, 0, 521, 14, 0, 242, 930, 0, 762, 0, 0, 0, 642, 0, 596, 726, 0, 221, 0, 499, 0, 37, -1, 504, 0, 
0, 0, 0, 928, 0, 0, 91, 35, 151, 0, 0, 515, 849, 646, 0, 0, 360, 742, 955, 508, 0, 0, 902, 436, 0, 0, -1, 0, 
238, 0, 0, 902, 638, 0, 0, 180, 0, 0, 216, 162, 680, 700, 0, 0, 0, 830, 981, 0, 638, 0, 79, 563, 0, 0, 0, -1]