24
[-1, 0, 0, 343, 911, 0, 8, 212, 0, 870, 0, 0, 769, 0, 707, 218, 0, 0, 0, 901, 0, 0, 676, 0, 
748, -1, 975, 490, 0, 0, 134, 520, 0, 251, 954, 0, 508, 443, 640, 12, 0, 64, 60, 731, 0, 0, 0, 185, 
712, 0, -1, 116, 0, 0, 0, 584, 246, 234, 279, 0, 0, 0, 0, 0, 0, 670, 0, 34, 0, 113, 78, 479, 
0, 0, 0, -1, 99, 401, 834, 0, 0, 176, 0, 0, 908, 0, 0, 0, 0, 0, 0, 216, 0, 0, 114, 830, 
0, 471, 0, 0, -1, 870, 0, 0, 0, 0, 871, 715, 0, 0, 740, 600, 672, 678, 0, 522, 509, 0, 605, 547, 
0, 0, 0, 335, 0, -1, 378, 0, 472, 0, 0, 0, 0, 815, 0, 0, 0, 712, 0, 0, 324, 392, 10, 0, 
642, 73, 0, 465, 800, 101, -1, 734, 80, 0, 309, 0, 835, 326, 0, 0, 106, 829, 106, 0, 0, 0, 0, 261, 
0, 33, 202, 480, 884, 0, 390, -1, 977, 932, 804, 0, 430, 0, 998, 665, 25, 0, 892, 0, 0, 208, 222, 0, 
303, 0, 0, 653, 809, 0, 0, 47, -1, 501, 444, 260, 766, 0, 0, 0, 72, 0, 784, 0, 151, 352, 923, 922, 
334, 212, 0, 578, 987, 926, 256, 595, 646, -1, 383, 577, 0, 876, 989, 0, 436, 84, 0, 586, 265, 657, 650, 0, 
929, 832, 0, 0, 0, 769, 999, 644, 489, 0, -1, 828, 848, 604, 118, 0, 0, 0, 682, 0, 157, 0, 0, 0, 
610, 0, 306, 10, 0, 94, 0, 0, 246, 673, 490, -1, 0, 43, 0, 555, 0, 364, 0, 829, 0, 350, 0, 0, 
0, 0, 191, 0, 559, 0, 100, 0, 0, 0, 111, 0, -1, 453, 0, 593, 0, 0, 782, 0, 0, 984, 0, 799, 
25, 418, 107, 747, 0, 0, 843, 700, 208, 226, 0, 0, 0, -1, 630, 512, 753, 271, 516, 216, 22, 347, 0, 238, 
286, 195, 0, 0, 41, 0, 0, 829, 0, 0, 939, 717, 0, 48, -1, 222, 804, 0, 0, 577, 0, 0, 232, 0, 
0, 213, 0, 0, 757, 323, 0, 673, 324, 691, 439, 837, 0, 0, 0, -1, 281, 383, 422, 459, 0, 0, 0, 378, 
533, 871, 779, 882, 996, 0, 0, 0, 0, 194, 823, 675, 0, 0, 0, 755, -1, 265, 0, 846, 335, 0, 204, 0, 
621, 526, 489, 729, 857, 717, 703, 0, 704, 0, 0, 0, 114, 0, 945, 53, 618, -1, 68, 0, 432, 39, 792, 0, 
104, 985, 0, 462, 0, 101, 0, 581, 0, 769, 0, 810, 869, 0, 0, 0, 0, 83, -1, 94, 0, 0, 237, 747, 
316, 0, 0, 0, 0, 0, 131, 0, 0, 0, 0, 0, 722, 276, 0, 302, 0, 0, 531, -1, 0, 0, 277, 0, 
113, 0, 819, 173, 142, 847, 0, 29, 0, 35, 0, 0, 989, 0, 0, 0, 0, 0, 0, 120, -1, 317, 739, 774, 
0, 0, 329, 802, 792, 354, 760, 0, 0, 0, 0, 929, 0, 475, 0, 0, 444, 666, 0, 0, 243, -1, 0, 983, 
560, 921, 476, 0, 549, 162, 72, 1, 27, 0, 0, 98, 274, 763, 966, 347, 71, 235, 101, 0, 884, 774, -1, 0, 
149, 641, 113, 0, 563, 0, 0, 0, 397, 0, 909, 927, 452, 0, 0, 551, 0, 987, 0, 0, 0, 377, 841, -1]