[-1, 132, 265, 0, 456, 249, 0, 0, 724, 382, 237, 0, 970, 731, 907, 483, 0, 0, 69, 373, 149, 389, 514, 0, 0, 0, 499, 476, 17, 0, 663, 0, 158, 664, 188, 0, 
0, -1, 427, 0, 0, 657, 458, 0, 249, 0, 0, 0, 170, 0, 399, 309, 250, 0, 242, 0, 0, 453, 927, 0, 872, 0, 748, 0, 545, 0, 0, 216, 0, 770, 974, 415, 
0, 0, -1, 85, 224, 0, 364, 636, 0, 618, 0, 564, 0, 483, 471, 0, 0, 0, 780, 0, 353, 0, 0, 231, 0, 0, 94, 635, 683, 814, 20, 0, 0, 0, 704, 648, 
57, 22, 0, -1, 0, 0, 180, 778, 232, 0, 429, 878, 120, 663, 242, 0, 0, 768, 0, 0, 717, 0, 117, 0, 336, 0, 421, 532, 0, 0, 0, 0, 0, 0, 160, 0, 
782, 790, 0, 0, -1, 17, 795, 0, 0, 262, 6, 533, 169, 0, 0, 14, 0, 0, 0, 0, 0, 0, 0, 0, 0, 253, 0, 0, 7, 0, 56, 775, 0, 0, 0, 262, 
35, 0, 0, 0, 0, -1, 0, 960, 798, 0, 0, 0, 691, 520, 882, 0, 0, 840, 0, 0, 82, 553, 0, 305, 0, 0, 553, 928, 160, 0, 0, 312, 87, 0, 664, 928, 
0, 0, 756, 603, 323, 325, -1, 0, 235, 0, 990, 222, 0, 0, 0, 505, 943, 0, 498, 0, 513, 0, 116, 0, 941, 0, 584, 907, 0, 215, 7, 219, 0, 67, 254, 696, 
81, 842, 259, 499, 998, 915, 0, -1, 482, 415, 0, 441, 47, 508, 0, 0, 0, 0, 948, 0, 0, 0, 0, 0, 22, 0, 937, 230, 870, 243, 0, 0, 0, 0, 0, 121, 
972, 253, 0, 902, 868, 328, 0, 386, -1, 393, 934, 0, 418, 925, 486, 602, 0, 231, 0, 0, 0, 936, 0, 954, 30, 289, 870, 0, 0, 0, 0, 537, 0, 0, 227, 694, 
35, 0, 485, 571, 27, 0, 200, 0, 0, -1, 0, 915, 0, 312, 0, 0, 0, 0, 208, 0, 870, 0, 805, 910, 287, 529, 745, 0, 0, 0, 61, 398, 0, 179, 0, 756, 
0, 106, 365, 0, 0, 0, 0, 0, 0, 0, -1, 866, 201, 250, 0, 0, 0, 0, 683, 0, 0, 0, 0, 844, 441, 0, 0, 733, 0, 0, 237, 403, 270, 0, 318, 0, 
0, 927, 337, 748, 406, 354, 433, 0, 0, 691, 54, -1, 946, 0, 640, 740, 526, 938, 705, 0, 0, 0, 0, 237, 490, 783, 0, 0, 0, 558, 0, 0, 36, 889, 0, 0, 
569, 128, 383, 0, 0, 765, 244, 0, 119, 143, 447, 0, -1, 0, 836, 0, 0, 457, 0, 0, 888, 242, 83, 388, 330, 44, 838, 249, 409, 0, 0, 0, 528, 0, 115, 0, 
892, 621, 214, 177, 0, 697, 0, 0, 666, 644, 0, 769, 671, -1, 696, 131, 240, 973, 0, 383, 572, 32, 0, 0, 455, 0, 0, 436, 33, 0, 0, 0, 0, 646, 0, 0, 
46, 46, 0, 701, 0, 580, 0, 0, 735, 69, 0, 0, 708, 0, -1, 0, 415, 56, 984, 0, 0, 0, 976, 175, 13, 0, 843, 0, 530, 328, 0, 0, 892, 0, 527, 0, 
481, 426, 957, 265, 36, 327, 0, 0, 876, 105, 825, 0, 0, 0, 0, -1, 0, 0, 700, 0, 0, 54, 0, 929, 652, 0, 358, 457, 0, 0, 295, 0, 884, 796, 0, 402, 
0, 670, 0, 29, 0, 242, 0, 187, 0, 0, 0, 41, 551, 0, 758, 506, -1, 0, 0, 0, 648, 0, 846, 12, 0, 0, 946, 465, 418, 0, 582, 4, 236, 339, 626, 0, 
140, 474, 12, 552, 0, 0, 0, 702, 0, 786, 798, 0, 0, 451, 363, 616, 76, -1, 541, 0, 0, 0, 0, 3, 0, 0, 0, 0, 0, 332, 674, 633, 835, 0, 0, 958, 
0, 0, 490, 0, 255, 662, 291, 0, 169, 56, 639, 27, 575, 0, 565, 0, 725, 430, -1, 0, 888, 877, 792, 0, 0, 467, 0, 0, 936, 0, 419, 551, 0, 490, 297, 443, 
931, 335, 563, 32, 469, 879, 298, 205, 0, 0, 0, 0, 534, 0, 586, 0, 547, 0, 0, -1, 0, 746, 0, 361, 0, 0, 0, 396, 64, 0, 551, 0, 0, 563, 0, 972, 
113, 0, 0, 865, 140, 0, 374, 998, 459, 0, 0, 0, 317, 0, 0, 0, 0, 914, 0, 573, -1, 0, 602, 510, 0, 0, 0, 959, 0, 680, 0, 824, 0, 445, 616, 691, 
0, 438, 398, 0, 0, 612, 0, 0, 981, 0, 0, 0, 633, 814, 302, 0, 472, 0, 0, 509, 182, -1, 0, 0, 0, 0, 0, 0, 0, 0, 718, 798, 157, 0, 812, 624, 
0, 0, 0, 0, 720, 0, 0, 0, 0, 361, 0, 0, 799, 0, 353, 87, 0, 0, 266, 623, 306, 469, -1, 0, 841, 0, 0, 0, 101, 342, 0, 0, 0, 0, 976, 761, 
3, 616, 0, 391, 0, 686, 162, 0, 944, 420, 485, 488, 227, 571, 0, 473, 36, 0, 610, 651, 0, 384, 631, -1, 0, 0, 652, 416, 0, 0, 214, 0, 479, 0, 0, 0, 
0, 0, 76, 13, 0, 378, 828, 0, 0, 763, 249, 0, 84, 0, 0, 45, 675, 530, 0, 0, 0, 103, 93, 0, -1, 678, 0, 687, 991, 0, 223, 0, 776, 0, 0, 205, 
561, 681, 761, 875, 101, 0, 0, 0, 0, 0, 0, 145, 551, 0, 0, 0, 0, 724, 0, 247, 0, 0, 611, 0, 0, -1, 0, 0, 319, 516, 0, 0, 21, 0, 0, 478, 
249, 161, 388, 403, 0, 1, 798, 0, 567, 429, 785, 797, 259, 15, 0, 0, 410, 326, 0, 0, 707, 0, 62, 0, 0, 0, -1, 717, 393, 990, 934, 750, 911, 0, 0, 0, 
0, 111, 0, 0, 0, 0, 0, 0, 901, 0, 996, 0, 0, 809, 0, 0, 0, 0, 407, 66, 0, 619, 170, 661, 554, 0, 0, -1, 760, 387, 0, 127, 0, 0, 90, 491, 
0, 461, 0, 912, 502, 794, 958, 958, 0, 417, 0, 0, 0, 545, 0, 0, 0, 350, 34, 0, 151, 963, 0, 0, 0, 0, 0, 0, -1, 620, 0, 0, 786, 0, 0, 0, 
594, 527, 834, 0, 317, 0, 0, 813, 0, 0, 0, 365, 81, 0, 961, 0, 48, 0, 521, 0, 0, 164, 0, 67, 540, 698, 0, 795, 0, -1, 0, 973, 812, 0, 0, 411, 
820, 0, 463, 622, 826, 0, 709, 727, 0, 242, 535, 0, 0, 0, 0, 0, 577, 179, 238, 0, 546, 591, 113, 285, 0, 40, 902, 664, 0, 0, -1, 0, 840, 923, 654, 612, 
587, 0, 455, 0, 254, 0, 0, 674, 888, 0, 463, 781, 0, 722, 0, 639, 45, 478, 0, 655, 0, 0, 0, 446, 0, 122, 400, 0, 0, 952, 0, -1, 461, 0, 992, 216, 
0, 341, 567, 0, 855, 532, 0, 0, 0, 0, 0, 406, 0, 0, 983, 987, 0, 639, 224, 279, 410, 639, 231, 0, 0, 0, 0, 0, 0, 0, 559, 0, -1, 787, 684, 446, 
901, 634, 815, 0, 779, 848, 22, 128, 0, 435, 0, 0, 189, 671, 0, 0, 79, 335, 255, 389, 70, 0, 750, 903, 154, 0, 247, 359, 339, 185, 229, 0, 463, -1, 0, 0, 
0, 206, 980, 931, 0, 0, 71, 722, 0, 956, 0, 0, 757, 0, 899, 7, 619, 358, 0, 264, 0, 453, 0, 853, 415, 926, 0, 0, 0, 0, 0, 189, 0, 0, -1, 0, 
0, 0, 984, 0, 715, 697, 0, 0, 0, 0, 102, 680, 121, 0, 440, 616, 915, 0, 632, 0, 61, 0, 314, 0, 727, 416, 0, 0, 0, 0, 0, 874, 0, 238, 0, -1]