[-1, 0, 688, 93, 704, 0, 0, 875, 604, 0, 0, 455, 0, 0, 418, 384, 0, 0, 0, 763, 0, 7, 150, 773, 642, 0, 415, 24, 370, 848, 0, 
300, -1, 44, 0, 943, 988, 779, 199, 530, 919, 455, 56, 112, 0, 303, 0, 746, 0, 954, 735, 0, 10, 96, 0, 435, 180, 377, 0, 32, 0, 0, 
682, 26, -1, 0, 23, 0, 565, 187, 213, 135, 20, 0, 0, 535, 0, 0, 0, 0, 7, 0, 0, 966, 0, 380, 0, 837, 0, 0, 253, 411, 0, 
315, 0, 210, -1, 59, 0, 318, 0, 925, 620, 0, 0, 363, 122, 295, 59, 0, 327, 347, 657, 146, 0, 0, 476, 148, 139, 0, 499, 814, 0, 0, 
0, 0, 580, 688, -1, 0, 0, 746, 0, 860, 152, 0, 0, 485, 0, 0, 702, 0, 973, 444, 0, 0, 0, 0, 398, 262, 0, 277, 846, 460, 0, 
0, 597, 0, 0, 484, -1, 853, 764, 0, 546, 401, 463, 0, 999, 662, 0, 0, 0, 189, 226, 0, 822, 24, 0, 332, 763, 935, 95, 605, 216, 166, 
0, 0, 0, 774, 670, 0, -1, 0, 0, 0, 179, 0, 243, 0, 0, 860, 0, 54, 182, 159, 0, 0, 0, 884, 731, 0, 0, 159, 0, 73, 309, 
452, 70, 731, 376, 600, 0, 0, -1, 136, 0, 503, 859, 818, 0, 131, 0, 0, 0, 0, 364, 0, 0, 0, 0, 0, 192, 0, 530, 0, 0, 0, 
837, 0, 0, 0, 815, 0, 966, 850, -1, 0, 88, 0, 0, 0, 769, 76, 0, 0, 0, 0, 129, 0, 776, 674, 0, 0, 0, 401, 571, 0, 10, 
798, 0, 322, 963, 0, 0, 843, 0, 350, -1, 0, 0, 9, 424, 328, 676, 0, 0, 0, 403, 0, 866, 127, 0, 518, 0, 200, 956, 0, 0, 0, 
0, 0, 0, 0, 0, 79, 337, 0, 0, 0, -1, 991, 549, 27, 420, 653, 393, 880, 477, 265, 0, 0, 0, 0, 663, 0, 708, 91, 0, 918, 225, 
0, 82, 805, 0, 0, 0, 0, 140, 0, 0, 0, -1, 833, 75, 671, 388, 0, 408, 0, 95, 636, 0, 0, 880, 0, 0, 0, 0, 776, 488, 0, 
952, 0, 521, 0, 163, 763, 605, 54, 0, 718, 340, 877, -1, 0, 0, 651, 0, 655, 0, 835, 0, 437, 0, 0, 13, 808, 904, 0, 401, 0, 730, 
0, 0, 0, 0, 355, 0, 102, 445, 589, 993, 0, 0, 478, -1, 33, 756, 484, 196, 0, 81, 0, 974, 526, 0, 451, 0, 0, 0, 5, 0, 607, 
4, 0, 0, 467, 657, 460, 0, 0, 486, 781, 0, 69, 31, 218, -1, 968, 102, 70, 882, 748, 653, 0, 795, 0, 682, 0, 0, 0, 590, 497, 552, 
964, 691, 0, 0, 392, 0, 0, 997, 388, 640, 205, 0, 0, 0, 0, -1, 55, 297, 696, 0, 0, 344, 0, 0, 0, 0, 0, 0, 0, 0, 491, 
0, 546, 0, 792, 880, 977, 138, 0, 373, 689, 0, 0, 0, 0, 0, 144, -1, 0, 100, 0, 121, 273, 0, 0, 799, 982, 0, 0, 213, 959, 0, 
0, 354, 0, 0, 0, 49, 0, 0, 0, 832, 36, 720, 921, 0, 980, 761, 409, -1, 36, 206, 209, 0, 0, 0, 0, 684, 0, 959, 0, 926, 0, 
360, 290, 806, 0, 0, 0, 355, 322, 0, 521, 0, 0, 0, 0, 0, 0, 138, 0, -1, 580, 201, 503, 459, 33, 0, 0, 0, 232, 0, 0, 263, 
150, 848, 707, 42, 0, 154, 0, 78, 0, 810, 0, 0, 761, 0, 0, 816, 504, 290, 362, -1, 95, 399, 316, 0, 0, 584, 0, 0, 0, 433, 0, 
161, 0, 642, 112, 813, 0, 0, 206, 774, 0, 0, 0, 0, 0, 0, 536, 0, 481, 0, 0, -1, 0, 0, 79, 980, 0, 64, 784, 520, 0, 999, 
787, 0, 0, 817, 0, 0, 0, 742, 519, 0, 393, 0, 0, 457, 0, 0, 0, 0, 247, 636, 0, -1, 0, 0, 504, 0, 463, 918, 578, 0, 338, 
635, 0, 0, 0, 0, 0, 431, 0, 0, 222, 0, 784, 311, 969, 0, 0, 0, 97, 558, 0, 0, 933, -1, 0, 125, 124, 827, 0, 525, 0, 728, 
566, 0, 692, 445, 0, 1000, 840, 388, 120, 0, 0, 358, 113, 551, 998, 692, 0, 0, 0, 565, 0, 0, 0, -1, 0, 349, 0, 0, 0, 0, 0, 
933, 772, 282, 0, 977, 0, 0, 0, 0, 852, 0, 961, 0, 834, 0, 0, 668, 0, 823, 628, 278, 0, 0, 0, -1, 0, 0, 880, 231, 0, 800, 
410, 0, 0, 229, 0, 978, 440, 0, 396, 0, 0, 3, 712, 502, 578, 671, 0, 0, 0, 842, 609, 0, 169, 0, 365, -1, 0, 367, 0, 732, 286, 
0, 857, 990, 0, 50, 224, 0, 0, 855, 416, 0, 685, 95, 0, 79, 0, 242, 0, 486, 927, 0, 0, 0, 0, 0, 586, -1, 0, 0, 0, 984, 
831, 558, 0, 0, 931, 378, 0, 0, 718, 0, 0, 6, 0, 0, 850, 0, 0, 0, 184, 994, 0, 625, 139, 0, 61, 0, 0, -1, 0, 236, 859, 
0, 0, 0, 0, 849, 0, 0, 118, 669, 335, 0, 656, 0, 693, 999, 305, 560, 0, 0, 0, 217, 0, 0, 175, 228, 24, 906, 38, -1, 84, 0, 
219, 333, 0, 0, 96, 0, 942, 0, 220, 0, 967, 0, 374, 89, 0, 0, 0, 0, 750, 716, 0, 0, 460, 0, 0, 0, 0, 0, 500, -1, 590, 
267, 0, 0, 0, 0, 213, 0, 0, 0, 0, 927, 273, 900, 0, 601, 0, 238, 0, 0, 880, 0, 0, 551, 869, 0, 149, 714, 0, 0, 43, -1]