36
[-1, 339, 600, 790, 329, 501, 224, 710, 209, 334, 543, 241, 471, 185, 748, 330, 592, 750, 549, 779, 402, 226, 524, 227, 316, 202, 338, 711, 209, 867, 842, 282, 206, 293, 487, 688, 
339, -1, 926, 962, 665, 765, 551, 940, 470, 250, 730, 555, 807, 501, 766, 659, 538, 681, 418, 835, 576, 399, 786, 564, 656, 346, 629, 753, 515, 1003, 1010, 145, 318, 614, 824, 920, 
600, 926, -1, 603, 370, 294, 474, 419, 472, 805, 485, 371, 156, 522, 868, 413, 882, 995, 941, 825, 514, 572, 295, 377, 330, 738, 318, 810, 412, 726, 641, 823, 760, 311, 149, 408, 
790, 962, 603, -1, 813, 361, 842, 187, 581, 726, 247, 608, 677, 859, 403, 857, 573, 592, 709, 313, 397, 588, 345, 694, 750, 992, 508, 354, 613, 124, 51, 817, 997, 603, 686, 195, 
329, 665, 370, 813, -1, 453, 122, 667, 347, 639, 599, 241, 214, 176, 925, 46, 837, 984, 835, 922, 523, 444, 472, 155, 62, 395, 313, 874, 267, 921, 862, 607, 422, 217, 222, 648, 
501, 765, 294, 361, 453, -1, 496, 220, 302, 585, 191, 275, 324, 522, 574, 498, 601, 703, 680, 534, 241, 368, 22, 349, 391, 690, 169, 515, 295, 475, 409, 636, 702, 253, 335, 200, 
224, 551, 474, 842, 122, 496, -1, 716, 308, 553, 610, 235, 321, 54, 898, 108, 781, 934, 760, 908, 506, 387, 517, 147, 144, 274, 333, 852, 241, 941, 893, 506, 300, 242, 332, 696, 
710, 940, 419, 187, 667, 220, 716, -1, 502, 729, 224, 494, 507, 742, 538, 712, 652, 710, 766, 465, 367, 542, 198, 569, 606, 905, 388, 482, 510, 311, 222, 801, 914, 473, 514, 21, 
209, 470, 472, 581, 347, 302, 308, 502, -1, 335, 335, 119, 384, 304, 590, 375, 490, 636, 501, 603, 204, 106, 325, 192, 300, 410, 160, 544, 82, 663, 633, 353, 416, 176, 402, 481, 
334, 250, 805, 726, 639, 585, 553, 729, 335, -1, 508, 450, 718, 518, 519, 651, 302, 455, 218, 585, 362, 232, 603, 499, 607, 466, 487, 503, 408, 757, 772, 112, 448, 510, 736, 710, 
543, 730, 485, 247, 599, 191, 610, 224, 335, 508, -1, 375, 506, 622, 383, 640, 440, 523, 545, 344, 154, 343, 191, 465, 537, 745, 286, 324, 373, 331, 299, 587, 749, 382, 520, 207, 
241, 555, 371, 608, 241, 275, 235, 494, 119, 450, 375, -1, 268, 251, 683, 276, 604, 747, 621, 683, 282, 226, 298, 92, 187, 417, 106, 633, 42, 705, 659, 454, 431, 60, 285, 473, 
471, 807, 156, 677, 214, 324, 321, 507, 384, 718, 506, 268, -1, 371, 876, 256, 846, 975, 881, 850, 487, 491, 335, 243, 176, 590, 260, 820, 310, 795, 721, 718, 614, 208, 17, 492, 
185, 501, 522, 859, 176, 522, 54, 742, 304, 518, 622, 251, 371, -1, 891, 160, 760, 916, 730, 907, 507, 371, 543, 173, 194, 221, 355, 847, 248, 953, 911, 465, 246, 270, 383, 722, 
748, 766, 868, 403, 925, 574, 898, 538, 590, 519, 383, 683, 876, 891, -1, 958, 242, 194, 392, 101, 402, 525, 574, 773, 868, 935, 627, 58, 662, 348, 421, 631, 927, 714, 891, 532, 
330, 659, 413, 857, 46, 498, 108, 712, 375, 651, 640, 276, 256, 160, 958, -1, 862, 1011, 852, 958, 558, 467, 517, 185, 106, 372, 354, 909, 297, 964, 906, 611, 400, 258, 263, 694, 
592, 538, 882, 573, 837, 601, 781, 652, 490, 302, 440, 604, 846, 760, 242, 862, -1, 158, 150, 332, 367, 395, 610, 682, 789, 756, 586, 251, 571, 557, 606, 413, 742, 651, 863, 638, 
750, 681, 995, 592, 984, 703, 934, 710, 636, 455, 523, 747, 975, 916, 194, 1011, 158, -1, 266, 294, 488, 547, 708, 829, 934, 914, 716, 237, 717, 543, 613, 564, 899, 790, 992, 700, 
549, 418, 941, 709, 835, 680, 760, 766, 501, 218, 545, 621, 881, 730, 392, 852, 150, 266, -1, 482, 438, 396, 693, 686, 796, 683, 628, 401, 583, 703, 745, 315, 665, 676, 899, 751, 
779, 835, 825, 313, 922, 534, 908, 465, 603, 585, 344, 683, 850, 907, 101, 958, 332, 294, 482, -1, 402, 553, 531, 775, 863, 974, 614, 83, 667, 248, 325, 695, 969, 706, 864, 461, 
402, 576, 514, 397, 523, 241, 506, 367, 204, 362, 154, 282, 487, 507, 402, 558, 367, 488, 438, 402, -1, 191, 255, 373, 466, 604, 229, 351, 265, 465, 448, 434, 605, 311, 503, 348, 
226, 399, 572, 588, 444, 368, 387, 542, 106, 232, 343, 226, 491, 371, 525, 467, 395, 547, 396, 553, 191, -1, 388, 292, 401, 423, 254, 485, 187, 653, 639, 268, 421, 283, 509, 522, 
524, 786, 295, 345, 472, 22, 517, 198, 325, 603, 191, 298, 335, 543, 574, 517, 610, 708, 693, 531, 255, 388, -1, 371, 410, 713, 191, 515, 318, 461, 392, 656, 725, 274, 346, 179, 
227, 564, 377, 694, 155, 349, 147, 569, 192, 499, 465, 92, 243, 173, 773, 185, 682, 829, 686, 775, 373, 292, 371, -1, 109, 368, 186, 724, 112, 795, 745, 483, 387, 96, 260, 549, 
316, 656, 330, 750, 62, 391, 144, 606, 300, 607, 537, 187, 176, 194, 868, 106, 789, 934, 796, 863, 466, 401, 410, 109, -1, 414, 252, 817, 218, 859, 800, 585, 439, 157, 189, 587, 
202, 346, 738, 992, 395, 690, 274, 905, 410, 466, 745, 417, 590, 221, 935, 372, 756, 914, 683, 974, 604, 423, 713, 368, 414, -1, 522, 902, 395, 1070, 1044, 373, 30, 457, 603, 884, 
338, 629, 318, 508, 313, 169, 333, 388, 160, 487, 286, 106, 260, 355, 627, 354, 586, 716, 628, 614, 229, 254, 191, 186, 252, 522, -1, 573, 129, 611, 559, 513, 535, 96, 277, 367, 
711, 753, 810, 354, 874, 515, 852, 482, 544, 503, 324, 633, 820, 847, 58, 909, 251, 237, 401, 83, 351, 485, 515, 724, 817, 902, 573, -1, 614, 313, 376, 614, 896, 661, 834, 475, 
209, 515, 412, 613, 267, 295, 241, 510, 82, 408, 373, 42, 310, 248, 662, 297, 571, 717, 583, 667, 265, 187, 318, 112, 218, 395, 129, 614, -1, 705, 665, 412, 406, 103, 328, 489, 
867, 1003, 726, 124, 921, 475, 941, 311, 663, 757, 331, 705, 795, 953, 348, 964, 557, 543, 703, 248, 465, 653, 461, 795, 859, 1070, 611, 313, 705, -1, 99, 857, 1071, 707, 805, 319, 
842, 1010, 641, 51, 862, 409, 893, 222, 633, 772, 299, 659, 721, 911, 421, 906, 606, 613, 745, 325, 448, 639, 392, 745, 800, 1044, 559, 376, 665, 99, -1, 864, 1048, 653, 730, 233, 
282, 145, 823, 817, 607, 636, 506, 801, 353, 112, 587, 454, 718, 465, 631, 611, 413, 564, 315, 695, 434, 268, 656, 483, 585, 373, 513, 614, 412, 857, 864, -1, 352, 515, 736, 781, 
206, 318, 760, 997, 422, 702, 300, 914, 416, 448, 749, 431, 614, 246, 927, 400, 742, 899, 665, 969, 605, 421, 725, 387, 439, 30, 535, 896, 406, 1071, 1048, 352, -1, 474, 627, 893, 
293, 614, 311, 603, 217, 253, 242, 473, 176, 510, 382, 60, 208, 270, 714, 258, 651, 790, 676, 706, 311, 283, 274, 96, 157, 457, 96, 661, 103, 707, 653, 515, 474, -1, 226, 453, 
487, 824, 149, 686, 222, 335, 332, 514, 402, 736, 520, 285, 17, 383, 891, 263, 863, 992, 899, 864, 503, 509, 346, 260, 189, 603, 277, 834, 328, 805, 730, 736, 627, 226, -1, 499, 
688, 920, 408, 195, 648, 200, 696, 21, 481, 710, 207, 473, 492, 722, 532, 694, 638, 700, 751, 461, 348, 522, 179, 549, 587, 884, 367, 475, 489, 319, 233, 781, 893, 453, 499, -1]