44
[-1, 508, 542, 822, 1055, 327, 504, 383, 614, 648, 902, 834, 449, 686, 834, 935, 926, 656, 897, 545, 513, 437, 848, 416, 519, 892, 486, 342, 765, 751, 827, 739, 431, 875, 401, 299, 908, 689, 941, 653, 1014, 371, 571, 561, 
508, -1, 812, 775, 1048, 369, 494, 550, 1023, 397, 823, 914, 766, 582, 903, 1027, 844, 842, 621, 1028, 877, 295, 1003, 228, 978, 819, 745, 537, 586, 1128, 838, 855, 629, 782, 506, 711, 1023, 624, 1226, 712, 1064, 851, 452, 819, 
542, 812, -1, 574, 809, 766, 851, 784, 667, 649, 945, 805, 371, 654, 457, 460, 800, 702, 897, 609, 344, 851, 339, 850, 682, 622, 266, 794, 735, 634, 703, 1008, 793, 1087, 754, 698, 1080, 632, 766, 1080, 577, 527, 607, 240, 
822, 775, 574, -1, 400, 951, 795, 843, 914, 553, 574, 565, 664, 683, 244, 393, 376, 689, 435, 1084, 850, 860, 457, 899, 1034, 330, 525, 908, 424, 870, 717, 949, 886, 1014, 761, 962, 990, 611, 805, 1183, 362, 952, 716, 475, 
1055, 1048, 809, 400, -1, 1179, 993, 1017, 956, 841, 545, 472, 933, 856, 517, 592, 621, 633, 624, 1201, 1015, 1046, 647, 1126, 1107, 441, 795, 1122, 529, 976, 730, 1075, 970, 987, 911, 1095, 868, 729, 691, 1262, 455, 1092, 982, 634, 
327, 369, 766, 951, 1179, -1, 599, 526, 889, 587, 999, 997, 749, 599, 1025, 1115, 1080, 800, 915, 766, 685, 308, 1045, 232, 746, 948, 758, 490, 758, 1070, 805, 917, 497, 740, 509, 481, 992, 644, 1192, 506, 1169, 607, 477, 801, 
504, 494, 851, 795, 993, 599, -1, 194, 751, 755, 598, 659, 638, 906, 889, 1069, 720, 665, 675, 959, 954, 387, 1041, 440, 810, 970, 665, 250, 726, 846, 1034, 363, 461, 882, 219, 562, 755, 871, 966, 720, 1108, 784, 830, 753, 
383, 550, 784, 843, 1017, 526, 194, -1, 603, 792, 679, 663, 583, 884, 909, 1069, 828, 580, 799, 787, 831, 374, 1016, 433, 627, 987, 624, 144, 766, 757, 984, 397, 319, 840, 137, 375, 690, 844, 888, 615, 1116, 617, 816, 689, 
614, 1023, 667, 914, 956, 889, 751, 603, -1, 1071, 869, 640, 567, 1045, 864, 960, 996, 474, 1110, 488, 663, 864, 863, 928, 296, 1028, 588, 663, 970, 380, 986, 704, 561, 1048, 609, 456, 692, 962, 454, 911, 1008, 433, 1045, 520, 
648, 397, 649, 553, 841, 587, 755, 792, 1071, -1, 840, 894, 769, 315, 683, 748, 767, 836, 541, 1043, 768, 591, 744, 568, 1044, 493, 679, 809, 402, 1135, 594, 1073, 799, 820, 713, 866, 1112, 377, 1164, 933, 766, 890, 242, 689, 
902, 823, 945, 574, 545, 999, 598, 679, 869, 840, -1, 286, 877, 946, 743, 923, 526, 546, 453, 1203, 1122, 756, 950, 858, 1029, 747, 804, 801, 537, 942, 932, 646, 715, 850, 583, 908, 600, 838, 775, 1004, 868, 1050, 1002, 750, 
834, 914, 805, 565, 472, 997, 659, 663, 640, 894, 286, -1, 763, 938, 661, 819, 603, 352, 646, 1011, 963, 810, 816, 914, 833, 724, 686, 789, 601, 730, 861, 651, 647, 869, 575, 792, 499, 813, 492, 992, 772, 883, 1007, 577, 
449, 766, 371, 664, 933, 749, 638, 583, 567, 769, 877, 763, -1, 875, 563, 675, 705, 728, 890, 651, 579, 781, 597, 777, 650, 849, 156, 564, 848, 445, 971, 727, 726, 1178, 610, 607, 1038, 854, 763, 1058, 798, 539, 769, 380, 
686, 582, 654, 683, 856, 599, 906, 884, 1045, 315, 946, 938, 875, -1, 790, 802, 981, 780, 748, 944, 651, 661, 765, 660, 964, 487, 775, 917, 448, 1181, 331, 1209, 775, 680, 789, 836, 1068, 154, 1138, 856, 795, 816, 247, 695, 
834, 903, 457, 244, 517, 1025, 889, 909, 864, 683, 743, 661, 563, 790, -1, 211, 457, 761, 662, 1012, 780, 986, 272, 1011, 999, 462, 420, 955, 635, 741, 813, 1000, 969, 1180, 853, 981, 1099, 732, 747, 1295, 279, 908, 792, 391, 
935, 1027, 460, 393, 592, 1115, 1069, 1069, 960, 748, 923, 819, 675, 802, 211, -1, 657, 870, 820, 1036, 762, 1119, 145, 1136, 1066, 468, 529, 1109, 734, 839, 797, 1192, 1094, 1262, 1011, 1084, 1231, 754, 826, 1400, 180, 959, 822, 461, 
926, 844, 800, 376, 621, 1080, 720, 828, 996, 767, 526, 603, 705, 981, 457, 657, -1, 845, 442, 1258, 1098, 931, 727, 968, 1170, 696, 625, 883, 665, 876, 1058, 788, 982, 1209, 783, 1064, 1057, 923, 901, 1303, 667, 1114, 954, 686, 
656, 842, 702, 689, 633, 800, 665, 580, 474, 836, 546, 352, 728, 780, 761, 870, 845, -1, 798, 744, 731, 676, 815, 782, 562, 728, 663, 702, 595, 723, 667, 739, 413, 658, 481, 545, 389, 654, 504, 739, 842, 623, 867, 502, 
897, 621, 897, 435, 624, 915, 675, 799, 1110, 541, 453, 646, 890, 748, 662, 820, 442, 798, -1, 1304, 1110, 722, 877, 770, 1206, 571, 796, 870, 370, 1133, 856, 887, 871, 900, 706, 1032, 961, 695, 1070, 1088, 777, 1137, 767, 798, 
545, 1028, 609, 1084, 1201, 766, 959, 787, 488, 1043, 1203, 1011, 651, 944, 1012, 1036, 1258, 744, 1304, -1, 376, 908, 902, 920, 266, 1097, 682, 783, 1085, 686, 927, 1051, 688, 1094, 799, 458, 1017, 916, 842, 892, 1117, 183, 911, 634, 
513, 877, 344, 850, 1015, 685, 954, 831, 663, 768, 1122, 963, 579, 651, 780, 762, 1098, 731, 1110, 376, -1, 850, 629, 845, 532, 804, 539, 832, 865, 773, 665, 1131, 742, 1013, 804, 593, 1084, 644, 875, 945, 844, 343, 625, 464, 
437, 295, 851, 860, 1046, 308, 387, 374, 864, 591, 756, 810, 781, 661, 986, 1119, 931, 676, 722, 908, 850, -1, 1075, 136, 801, 901, 776, 402, 623, 1053, 824, 724, 373, 610, 314, 512, 790, 654, 1109, 444, 1142, 730, 602, 804, 
848, 1003, 339, 457, 647, 1045, 1041, 1016, 863, 744, 950, 816, 597, 765, 272, 145, 727, 815, 877, 902, 629, 1075, -1, 1089, 950, 506, 456, 1050, 750, 759, 753, 1165, 1026, 1224, 964, 988, 1191, 719, 772, 1329, 280, 836, 778, 367, 
416, 228, 850, 899, 1126, 232, 440, 433, 928, 568, 858, 914, 777, 660, 1011, 1136, 968, 782, 770, 920, 845, 136, 1089, -1, 846, 938, 782, 416, 686, 1092, 868, 789, 475, 708, 405, 553, 922, 684, 1193, 512, 1175, 744, 554, 840, 
519, 978, 682, 1034, 1107, 746, 810, 627, 296, 1044, 1029, 833, 650, 964, 999, 1066, 1170, 562, 1206, 266, 532, 801, 950, 846, -1, 1079, 680, 658, 1006, 612, 923, 858, 503, 967, 635, 310, 777, 906, 700, 758, 1122, 229, 956, 614, 
892, 819, 622, 330, 441, 948, 970, 987, 1028, 493, 747, 724, 849, 487, 462, 468, 696, 728, 571, 1097, 804, 901, 506, 938, 1079, -1, 700, 1055, 352, 1065, 460, 1179, 933, 893, 882, 1020, 1042, 405, 927, 1156, 377, 979, 614, 572, 
486, 745, 266, 525, 795, 758, 665, 624, 588, 679, 804, 686, 156, 775, 420, 529, 625, 663, 796, 682, 539, 776, 456, 782, 680, 700, -1, 632, 732, 488, 853, 780, 726, 1113, 617, 646, 1002, 743, 707, 1061, 646, 566, 698, 254, 
342, 537, 794, 908, 1122, 490, 250, 144, 663, 809, 801, 789, 564, 917, 955, 1109, 883, 702, 870, 783, 832, 402, 1050, 416, 658, 1055, 632, -1, 850, 784, 1052, 457, 415, 933, 264, 393, 829, 900, 983, 658, 1175, 617, 812, 738, 
765, 586, 735, 424, 529, 758, 726, 766, 970, 402, 537, 601, 848, 448, 635, 734, 665, 595, 370, 1085, 865, 623, 750, 686, 1006, 352, 732, 850, -1, 1080, 491, 974, 706, 629, 643, 866, 825, 352, 950, 893, 672, 931, 563, 641, 
751, 1128, 634, 870, 976, 1070, 846, 757, 380, 1135, 942, 730, 445, 1181, 741, 839, 876, 723, 1133, 686, 773, 1053, 759, 1092, 612, 1065, 488, 784, 1080, -1, 1163, 746, 844, 1333, 787, 727, 973, 1113, 494, 1219, 928, 648, 1142, 519, 
827, 838, 703, 717, 730, 805, 1034, 984, 986, 594, 932, 861, 971, 331, 813, 797, 1058, 667, 856, 927, 665, 824, 753, 868, 923, 460, 853, 1052, 491, 1163, -1, 1275, 799, 625, 872, 880, 955, 223, 996, 907, 741, 831, 559, 677, 
739, 855, 1008, 949, 1075, 917, 363, 397, 704, 1073, 646, 651, 727, 1209, 1000, 1192, 788, 739, 887, 1051, 1131, 724, 1165, 789, 858, 1179, 780, 457, 974, 746, 1275, -1, 637, 1118, 458, 701, 745, 1147, 881, 943, 1232, 908, 1152, 863, 
431, 629, 793, 886, 970, 497, 461, 319, 561, 799, 715, 647, 726, 775, 969, 1094, 982, 413, 871, 688, 742, 373, 1026, 475, 503, 933, 726, 415, 706, 844, 799, 637, -1, 592, 251, 276, 516, 710, 838, 393, 1110, 528, 781, 683, 
875, 782, 1087, 1014, 987, 740, 882, 840, 1048, 820, 850, 869, 1178, 680, 1180, 1262, 1209, 658, 900, 1094, 1013, 610, 1224, 708, 967, 893, 1113, 933, 629, 1333, 625, 1118, 592, -1, 721, 811, 672, 602, 1153, 504, 1206, 961, 823, 991, 
401, 506, 754, 761, 911, 509, 219, 137, 609, 713, 583, 575, 610, 789, 853, 1011, 783, 481, 706, 799, 804, 314, 964, 405, 635, 882, 617, 264, 643, 787, 872, 458, 251, 721, -1, 392, 606, 736, 845, 568, 1039, 623, 751, 641, 
299, 711, 698, 962, 1095, 481, 562, 375, 456, 866, 908, 792, 607, 836, 981, 1084, 1064, 545, 1032, 458, 593, 512, 988, 553, 310, 1020, 646, 393, 866, 727, 880, 701, 276, 811, 392, -1, 724, 798, 844, 527, 1138, 303, 793, 641, 
908, 1023, 1080, 990, 868, 992, 755, 690, 692, 1112, 600, 499, 1038, 1068, 1099, 1231, 1057, 389, 961, 1017, 1084, 790, 1191, 922, 777, 1042, 1002, 829, 825, 973, 955, 745, 516, 672, 606, 724, -1, 944, 720, 736, 1184, 903, 1161, 879, 
689, 624, 632, 611, 729, 644, 871, 844, 962, 377, 838, 813, 854, 154, 732, 754, 923, 654, 695, 916, 644, 654, 719, 684, 906, 405, 743, 900, 352, 1113, 223, 1147, 710, 602, 736, 798, 944, -1, 1018, 828, 723, 787, 368, 623, 
941, 1226, 766, 805, 691, 1192, 966, 888, 454, 1164, 775, 492, 763, 1138, 747, 826, 901, 504, 1070, 842, 875, 1109, 772, 1193, 700, 927, 707, 983, 950, 494, 996, 881, 838, 1153, 845, 844, 720, 1018, -1, 1201, 817, 799, 1202, 550, 
653, 712, 1080, 1183, 1262, 506, 720, 615, 911, 933, 1004, 992, 1058, 856, 1295, 1400, 1303, 739, 1088, 892, 945, 444, 1329, 512, 758, 1156, 1061, 658, 893, 1219, 907, 943, 393, 504, 568, 527, 736, 828, 1201, -1, 1406, 760, 869, 1019, 
1014, 1064, 577, 362, 455, 1169, 1108, 1116, 1008, 766, 868, 772, 798, 795, 279, 180, 667, 842, 777, 1117, 844, 1142, 280, 1175, 1122, 377, 646, 1175, 672, 928, 741, 1232, 1110, 1206, 1039, 1138, 1184, 723, 817, 1406, -1, 1034, 863, 526, 
371, 851, 527, 952, 1092, 607, 784, 617, 433, 890, 1050, 883, 539, 816, 908, 959, 1114, 623, 1137, 183, 343, 730, 836, 744, 229, 979, 566, 617, 931, 648, 831, 908, 528, 961, 623, 303, 903, 787, 799, 760, 1034, -1, 775, 533, 
571, 452, 607, 716, 982, 477, 830, 816, 1045, 242, 1002, 1007, 769, 247, 792, 822, 954, 867, 767, 911, 625, 602, 778, 554, 956, 614, 698, 812, 563, 1142, 559, 1152, 781, 823, 751, 793, 1161, 368, 1202, 869, 863, 775, -1, 701, 
561, 819, 240, 475, 634, 801, 753, 689, 520, 689, 750, 577, 380, 695, 391, 461, 686, 502, 798, 634, 464, 804, 367, 840, 614, 572, 254, 738, 641, 519, 677, 863, 683, 991, 641, 641, 879, 623, 550, 1019, 526, 533, 701, -1]