[-1, 79, 400, 567, 243, 523, 542, 159, 553, 821, 293, 234, 420, 324, 424, 309, 323, 634, 382, 682, 329, 401, 415, 578, 592, 481, 673, 178, 668, 801, 207, 666, 969, 482, 341, 90, 633, 982, 161, 217, 593, 545, 398, 230, 212, 751, 490, 245, 651, 255, 123, 61, 141, 389, 785, 528, 771, 146, 298, 402, 422, 755, 320, 297, 463, 377, 763, 109, 319, 187, 898, 64, 159, 579, 649, 864, 382, 416, 193, 45, 294, 334, 602, 184, 210, 870, 739, 503, 627, 788, 453, 775, 576, 739, 824, 220, 503, 817, 212, 
79, -1, 417, 629, 168, 518, 468, 127, 584, 869, 372, 300, 426, 401, 374, 275, 275, 577, 421, 631, 395, 475, 374, 585, 617, 513, 613, 110, 668, 805, 137, 661, 943, 489, 287, 167, 579, 955, 240, 281, 619, 603, 319, 306, 133, 744, 448, 293, 623, 298, 66, 77, 108, 332, 824, 553, 720, 201, 242, 398, 396, 806, 249, 351, 489, 305, 715, 45, 391, 156, 877, 132, 211, 546, 668, 860, 309, 337, 249, 105, 267, 399, 526, 242, 247, 865, 716, 424, 548, 817, 497, 729, 539, 774, 814, 295, 427, 806, 291, 
400, 417, -1, 379, 434, 168, 593, 543, 184, 507, 486, 559, 55, 424, 350, 253, 311, 520, 122, 517, 632, 413, 293, 182, 204, 125, 571, 513, 283, 405, 401, 291, 642, 92, 345, 425, 501, 659, 426, 279, 208, 335, 599, 359, 485, 377, 334, 614, 367, 179, 370, 349, 524, 377, 435, 142, 590, 521, 343, 105, 220, 462, 436, 647, 87, 475, 564, 388, 597, 573, 558, 351, 264, 337, 251, 480, 488, 569, 255, 357, 227, 643, 659, 544, 597, 486, 420, 690, 751, 407, 176, 563, 359, 377, 455, 507, 587, 452, 405, 
567, 629, 379, -1, 728, 517, 952, 725, 283, 297, 418, 572, 432, 324, 721, 602, 660, 900, 268, 894, 593, 235, 667, 457, 333, 278, 951, 739, 548, 597, 687, 577, 937, 430, 695, 526, 881, 957, 469, 350, 325, 46, 907, 361, 746, 645, 714, 660, 722, 346, 619, 552, 707, 737, 326, 322, 963, 605, 679, 484, 599, 224, 762, 658, 315, 812, 934, 625, 546, 751, 847, 503, 417, 709, 407, 703, 824, 894, 379, 526, 573, 606, 1019, 601, 678, 708, 747, 1008, 1096, 402, 203, 930, 734, 321, 715, 510, 937, 720, 409, 
243, 168, 434, 728, -1, 480, 300, 234, 618, 931, 533, 468, 421, 550, 248, 206, 171, 428, 483, 492, 563, 612, 271, 568, 637, 552, 459, 154, 632, 773, 41, 616, 845, 481, 162, 333, 435, 855, 402, 404, 641, 695, 179, 450, 82, 690, 335, 452, 531, 381, 126, 208, 225, 193, 868, 576, 579, 366, 125, 375, 324, 876, 85, 513, 519, 137, 580, 134, 559, 254, 790, 279, 324, 447, 670, 807, 141, 178, 362, 253, 218, 566, 359, 408, 401, 813, 629, 282, 390, 839, 562, 597, 430, 811, 751, 462, 260, 740, 446, 
523, 518, 168, 517, 480, -1, 548, 644, 254, 567, 651, 710, 119, 593, 305, 274, 318, 413, 285, 389, 789, 580, 247, 104, 232, 239, 463, 596, 152, 293, 459, 143, 475, 87, 344, 567, 389, 491, 580, 441, 241, 471, 616, 524, 550, 227, 248, 756, 206, 341, 459, 464, 626, 354, 469, 204, 449, 659, 362, 121, 168, 541, 452, 795, 202, 473, 418, 480, 757, 674, 392, 486, 412, 200, 221, 341, 485, 571, 412, 485, 265, 799, 607, 687, 731, 347, 251, 690, 718, 401, 319, 413, 230, 406, 301, 662, 557, 295, 567, 
542, 468, 593, 952, 300, 548, -1, 515, 768, 1095, 828, 769, 555, 833, 246, 349, 292, 236, 685, 318, 863, 883, 306, 652, 766, 718, 234, 431, 671, 800, 334, 641, 733, 594, 257, 632, 260, 736, 699, 673, 773, 912, 220, 732, 358, 687, 303, 748, 476, 621, 421, 501, 512, 216, 1009, 718, 383, 666, 280, 496, 388, 1054, 223, 809, 678, 165, 402, 432, 860, 528, 708, 571, 594, 401, 769, 794, 159, 160, 628, 547, 379, 866, 67, 708, 693, 798, 569, 208, 173, 949, 760, 426, 368, 946, 723, 762, 53, 708, 737, 
159, 127, 543, 725, 234, 644, 515, -1, 706, 980, 405, 284, 553, 459, 473, 392, 382, 663, 539, 724, 370, 545, 484, 712, 741, 634, 693, 84, 795, 932, 222, 787, 1059, 616, 385, 210, 669, 1070, 283, 375, 743, 704, 323, 376, 159, 869, 555, 238, 739, 412, 185, 196, 19, 424, 942, 677, 813, 179, 342, 525, 515, 915, 318, 301, 612, 364, 812, 164, 381, 30, 996, 223, 318, 659, 794, 985, 364, 363, 353, 203, 388, 370, 564, 217, 181, 991, 834, 417, 556, 940, 612, 828, 649, 894, 938, 305, 467, 929, 345, 
553, 584, 184, 283, 618, 254, 768, 706, -1, 327, 554, 666, 213, 471, 521, 436, 493, 664, 175, 643, 722, 422, 462, 177, 55, 72, 714, 687, 265, 330, 583, 294, 654, 179, 527, 557, 640, 674, 535, 379, 50, 239, 784, 443, 665, 362, 487, 737, 451, 301, 545, 510, 687, 555, 250, 51, 701, 653, 527, 271, 382, 290, 620, 757, 98, 659, 670, 561, 681, 736, 564, 496, 399, 454, 135, 431, 671, 753, 375, 508, 412, 734, 832, 667, 731, 436, 466, 874, 930, 234, 133, 663, 483, 193, 435, 607, 766, 438, 496, 
821, 869, 507, 297, 931, 567, 1095, 980, 327, -1, 714, 863, 541, 620, 849, 761, 819, 981, 451, 950, 889, 533, 789, 470, 335, 382, 1030, 978, 515, 488, 894, 552, 858, 503, 853, 797, 956, 878, 751, 611, 327, 295, 1103, 643, 969, 585, 811, 949, 741, 571, 843, 791, 961, 883, 115, 377, 997, 885, 850, 599, 709, 73, 942, 951, 420, 983, 962, 855, 843, 1008, 771, 757, 662, 763, 362, 592, 996, 1076, 628, 776, 735, 902, 1159, 886, 960, 595, 726, 1196, 1257, 226, 372, 951, 795, 171, 634, 801, 1093, 644, 694, 
293, 372, 486, 418, 533, 651, 828, 405, 554, 714, -1, 163, 531, 94, 671, 539, 574, 885, 393, 917, 176, 185, 643, 660, 608, 494, 929, 459, 764, 871, 495, 776, 1126, 577, 601, 206, 878, 1142, 132, 210, 604, 420, 692, 127, 505, 862, 715, 255, 830, 310, 408, 327, 393, 651, 720, 555, 1004, 235, 562, 547, 618, 641, 605, 241, 500, 663, 988, 399, 130, 421, 1043, 257, 261, 775, 683, 959, 670, 709, 246, 281, 513, 189, 890, 212, 288, 964, 899, 795, 920, 764, 422, 995, 783, 694, 939, 109, 792, 937, 94, 
234, 300, 559, 572, 468, 710, 769, 284, 666, 863, 163, -1, 594, 250, 656, 536, 556, 868, 493, 913, 94, 345, 643, 741, 715, 598, 907, 356, 841, 961, 437, 847, 1176, 650, 575, 153, 866, 1190, 133, 288, 713, 568, 600, 226, 418, 933, 718, 92, 864, 381, 356, 290, 278, 624, 858, 657, 1002, 106, 532, 594, 639, 791, 550, 91, 595, 605, 993, 340, 97, 291, 1099, 236, 297, 798, 786, 1039, 609, 630, 303, 249, 517, 100, 825, 67, 131, 1045, 945, 698, 834, 890, 540, 1003, 799, 826, 1010, 62, 726, 1005, 172, 
420, 426, 55, 432, 421, 119, 555, 553, 213, 541, 531, 594, -1, 474, 309, 226, 282, 469, 177, 463, 671, 467, 250, 159, 220, 166, 520, 516, 250, 381, 392, 252, 594, 63, 315, 455, 449, 611, 463, 322, 225, 387, 578, 404, 480, 339, 284, 645, 312, 222, 374, 364, 534, 342, 460, 164, 535, 549, 319, 58, 173, 500, 413, 681, 125, 447, 508, 393, 638, 583, 511, 377, 297, 282, 249, 447, 460, 543, 294, 379, 206, 682, 619, 575, 623, 453, 369, 664, 717, 418, 228, 507, 304, 399, 415, 545, 553, 411, 448, 
324, 401, 424, 324, 550, 593, 833, 459, 471, 620, 94, 250, 474, -1, 653, 519, 562, 864, 320, 889, 270, 95, 618, 590, 526, 415, 911, 500, 695, 794, 509, 710, 1067, 514, 592, 249, 854, 1084, 176, 170, 522, 326, 719, 100, 535, 794, 687, 341, 782, 260, 423, 341, 444, 642, 627, 477, 973, 304, 558, 498, 582, 547, 613, 333, 426, 671, 954, 419, 223, 478, 982, 272, 242, 735, 603, 886, 679, 728, 214, 299, 491, 283, 897, 290, 367, 892, 843, 824, 940, 675, 338, 959, 746, 603, 872, 191, 802, 871, 113, 
424, 374, 350, 721, 248, 305, 246, 473, 521, 849, 671, 656, 309, 653, -1, 134, 100, 214, 452, 257, 750, 685, 60, 409, 519, 474, 258, 399, 440, 577, 251, 415, 599, 348, 88, 504, 209, 608, 555, 483, 526, 679, 328, 557, 330, 475, 89, 665, 290, 410, 308, 366, 461, 59, 762, 471, 347, 569, 132, 251, 141, 810, 181, 720, 434, 180, 341, 328, 735, 497, 548, 426, 413, 205, 525, 590, 191, 274, 439, 409, 163, 757, 310, 608, 621, 595, 390, 388, 414, 705, 522, 355, 184, 700, 527, 632, 251, 514, 576, 
309, 275, 253, 602, 206, 274, 349, 392, 436, 761, 539, 536, 226, 519, 134, -1, 58, 346, 336, 380, 627, 552, 107, 365, 447, 378, 392, 332, 426, 567, 186, 410, 668, 281, 94, 382, 339, 680, 426, 349, 452, 562, 352, 423, 277, 486, 182, 555, 348, 279, 209, 248, 376, 134, 685, 389, 468, 456, 93, 174, 124, 714, 186, 606, 340, 222, 457, 231, 609, 419, 604, 301, 279, 271, 471, 604, 235, 317, 304, 287, 30, 635, 416, 493, 516, 610, 442, 438, 500, 645, 411, 467, 266, 625, 551, 506, 337, 541, 444, 
323, 275, 311, 660, 171, 318, 292, 382, 493, 819, 574, 556, 282, 562, 100, 58, -1, 313, 394, 358, 649, 601, 102, 413, 502, 437, 356, 313, 467, 607, 163, 448, 679, 334, 35, 404, 310, 689, 455, 394, 508, 620, 299, 463, 250, 519, 173, 565, 361, 331, 209, 266, 368, 80, 742, 446, 447, 469, 46, 228, 155, 772, 134, 620, 398, 165, 440, 230, 634, 407, 620, 326, 320, 279, 523, 637, 177, 261, 349, 308, 87, 656, 359, 508, 522, 642, 459, 381, 441, 699, 470, 453, 266, 682, 580, 532, 279, 569, 479, 
634, 577, 520, 900, 428, 413, 236, 663, 664, 981, 885, 868, 469, 864, 214, 346, 313, -1, 636, 82, 962, 891, 247, 512, 646, 633, 50, 582, 499, 611, 444, 464, 498, 485, 293, 717, 29, 500, 769, 694, 655, 855, 431, 769, 507, 490, 187, 870, 274, 615, 514, 578, 653, 245, 881, 613, 156, 777, 336, 415, 302, 953, 346, 927, 592, 309, 168, 533, 948, 683, 478, 640, 626, 221, 627, 586, 314, 367, 650, 621, 373, 968, 263, 817, 823, 589, 354, 442, 392, 802, 697, 191, 187, 817, 512, 845, 279, 496, 790, 
382, 421, 122, 268, 483, 285, 685, 539, 175, 451, 393, 493, 177, 320, 452, 336, 394, 636, -1, 637, 554, 296, 399, 270, 222, 106, 686, 528, 375, 477, 444, 391, 752, 200, 429, 381, 618, 770, 361, 204, 221, 227, 658, 274, 517, 474, 449, 561, 487, 127, 391, 345, 519, 469, 403, 164, 711, 477, 417, 222, 334, 393, 504, 584, 106, 551, 685, 404, 514, 568, 665, 322, 225, 459, 293, 566, 563, 638, 199, 337, 306, 566, 752, 492, 555, 572, 535, 756, 834, 408, 79, 685, 480, 356, 552, 435, 673, 551, 326, 
682, 631, 517, 894, 492, 389, 318, 724, 643, 950, 917, 913, 463, 889, 257, 380, 358, 82, 637, -1, 1006, 907, 274, 480, 619, 621, 103, 646, 452, 553, 503, 415, 416, 469, 344, 760, 60, 417, 807, 719, 628, 849, 510, 797, 572, 429, 202, 923, 218, 633, 566, 623, 714, 301, 846, 593, 89, 827, 388, 415, 309, 929, 412, 978, 581, 381, 90, 586, 989, 746, 399, 681, 656, 189, 591, 517, 388, 446, 676, 665, 404, 1013, 344, 866, 878, 520, 285, 524, 473, 761, 691, 111, 160, 783, 443, 886, 361, 427, 823, 
329, 395, 632, 593, 563, 789, 863, 370, 722, 889, 176, 94, 671, 270, 750, 627, 649, 962, 554, 1006, -1, 358, 734, 812, 774, 658, 1002, 446, 914, 1029, 532, 922, 1259, 724, 669, 245, 960, 1274, 210, 354, 771, 596, 691, 279, 510, 1009, 810, 142, 951, 452, 451, 383, 366, 718, 896, 718, 1095, 197, 626, 675, 727, 816, 644, 92, 659, 700, 1085, 435, 47, 373, 1180, 326, 377, 887, 847, 1112, 704, 723, 377, 341, 607, 13, 919, 156, 198, 1117, 1029, 787, 925, 938, 591, 1095, 889, 869, 1086, 126, 819, 1082, 228, 
401, 475, 413, 235, 612, 580, 883, 545, 422, 533, 185, 345, 467, 95, 685, 552, 601, 891, 296, 907, 358, -1, 644, 561, 478, 376, 940, 579, 665, 751, 571, 684, 1047, 496, 633, 335, 878, 1065, 265, 211, 472, 243, 787, 170, 607, 765, 708, 437, 779, 276, 488, 409, 529, 682, 550, 437, 987, 397, 604, 500, 597, 459, 668, 427, 395, 725, 966, 487, 311, 566, 960, 343, 290, 741, 557, 849, 734, 790, 255, 370, 522, 371, 949, 385, 462, 854, 831, 892, 1002, 607, 291, 968, 757, 532, 842, 286, 856, 843, 201, 
415, 374, 293, 667, 271, 247, 306, 484, 462, 789, 643, 643, 250, 618, 60, 107, 102, 247, 399, 274, 734, 644, -1, 350, 459, 416, 296, 416, 386, 525, 266, 363, 576, 287, 111, 489, 236, 586, 533, 447, 466, 624, 376, 524, 352, 428, 75, 659, 259, 368, 308, 354, 470, 107, 702, 411, 362, 561, 146, 191, 81, 750, 219, 712, 375, 229, 350, 329, 715, 510, 518, 408, 382, 176, 466, 545, 241, 326, 404, 393, 129, 742, 370, 599, 619, 550, 357, 443, 474, 645, 467, 360, 164, 640, 484, 613, 311, 472, 548, 
578, 585, 182, 457, 568, 104, 652, 712, 177, 470, 660, 741, 159, 590, 409, 365, 413, 512, 270, 480, 812, 561, 350, -1, 140, 189, 561, 673, 104, 223, 543, 123, 488, 96, 441, 608, 486, 507, 608, 458, 149, 412, 713, 536, 633, 204, 353, 797, 277, 361, 531, 523, 693, 456, 368, 135, 532, 703, 456, 194, 269, 449, 548, 830, 166, 573, 498, 551, 776, 742, 399, 532, 447, 293, 117, 299, 585, 671, 437, 536, 350, 824, 712, 727, 779, 305, 289, 790, 823, 297, 276, 489, 326, 304, 281, 688, 661, 281, 585, 
592, 617, 204, 333, 637, 232, 766, 741, 55, 335, 608, 715, 220, 526, 519, 447, 502, 646, 222, 619, 774, 478, 459, 140, -1, 116, 696, 717, 217, 274, 605, 248, 604, 172, 535, 601, 621, 624, 583, 427, 9, 290, 798, 494, 690, 312, 476, 784, 418, 344, 574, 545, 722, 558, 242, 64, 672, 697, 539, 275, 378, 309, 633, 807, 129, 667, 639, 591, 733, 771, 514, 536, 441, 431, 79, 376, 680, 763, 420, 547, 425, 786, 829, 714, 776, 381, 424, 884, 932, 202, 188, 630, 462, 180, 382, 657, 768, 387, 547, 
481, 513, 125, 278, 552, 239, 718, 634, 72, 382, 494, 598, 166, 415, 474, 378, 437, 633, 106, 621, 658, 376, 416, 189, 116, -1, 684, 616, 291, 378, 516, 313, 678, 152, 471, 486, 612, 697, 467, 310, 115, 232, 721, 378, 597, 391, 450, 667, 444, 229, 475, 438, 615, 503, 316, 62, 686, 582, 468, 224, 340, 336, 560, 690, 41, 601, 656, 490, 618, 664, 589, 424, 327, 434, 189, 473, 613, 693, 304, 436, 352, 670, 784, 597, 660, 479, 474, 814, 877, 306, 87, 652, 460, 262, 467, 540, 713, 468, 430, 
673, 613, 571, 951, 459, 463, 234, 693, 714, 1030, 929, 907, 520, 911, 258, 392, 356, 50, 686, 103, 1002, 940, 296, 561, 696, 684, -1, 611, 544, 652, 478, 508, 513, 536, 333, 757, 74, 513, 811, 741, 704, 906, 443, 815, 535, 529, 237, 906, 315, 664, 552, 619, 684, 283, 929, 663, 150, 814, 375, 466, 352, 1004, 375, 964, 643, 333, 173, 570, 989, 712, 501, 682, 672, 268, 675, 620, 336, 379, 697, 663, 420, 1008, 248, 854, 858, 623, 388, 442, 376, 849, 747, 198, 235, 866, 546, 887, 283, 530, 835, 
178, 110, 513, 739, 154, 596, 431, 84, 687, 978, 459, 356, 516, 500, 399, 332, 313, 582, 528, 646, 446, 579, 416, 673, 717, 616, 611, -1, 749, 888, 150, 738, 992, 579, 312, 253, 589, 1003, 329, 390, 719, 713, 245, 408, 75, 817, 484, 319, 674, 407, 143, 187, 81, 347, 930, 653, 733, 249, 270, 481, 456, 916, 236, 381, 590, 280, 734, 126, 452, 100, 933, 239, 322, 592, 763, 934, 280, 280, 360, 213, 333, 447, 481, 290, 263, 940, 771, 343, 479, 918, 605, 751, 579, 879, 883, 367, 383, 873, 387, 
668, 668, 283, 548, 632, 152, 671, 795, 265, 515, 764, 841, 250, 695, 440, 426, 467, 499, 375, 452, 914, 665, 386, 104, 217, 291, 544, 749, -1, 141, 611, 37, 389, 191, 490, 705, 470, 409, 709, 561, 226, 504, 761, 640, 702, 100, 368, 894, 234, 462, 611, 611, 777, 494, 404, 232, 487, 799, 512, 270, 313, 508, 599, 929, 270, 615, 451, 631, 879, 824, 299, 627, 545, 279, 156, 197, 627, 712, 538, 628, 417, 926, 725, 824, 873, 203, 212, 829, 844, 310, 378, 438, 314, 343, 177, 790, 687, 177, 688, 
801, 805, 405, 597, 773, 293, 800, 932, 330, 488, 871, 961, 381, 794, 577, 567, 607, 611, 477, 553, 1029, 751, 525, 223, 274, 378, 652, 888, 141, -1, 752, 162, 370, 319, 630, 831, 582, 390, 828, 675, 280, 557, 900, 750, 843, 124, 500, 1020, 337, 580, 749, 745, 914, 632, 373, 316, 571, 927, 653, 408, 453, 501, 739, 1051, 371, 754, 533, 769, 991, 962, 284, 756, 669, 401, 195, 108, 766, 851, 658, 760, 558, 1041, 851, 949, 1003, 112, 276, 966, 973, 262, 460, 515, 435, 324, 148, 907, 820, 161, 801, 
207, 137, 401, 687, 41, 459, 334, 222, 583, 894, 495, 437, 392, 509, 251, 186, 163, 444, 444, 503, 532, 571, 266, 543, 605, 516, 478, 150, 611, 752, -1, 597, 842, 453, 163, 297, 449, 852, 365, 362, 609, 654, 220, 409, 91, 673, 334, 428, 524, 341, 87, 169, 210, 202, 833, 543, 592, 338, 120, 349, 309, 838, 112, 487, 484, 169, 590, 98, 526, 246, 783, 240, 283, 442, 642, 791, 175, 218, 321, 214, 194, 536, 395, 380, 379, 796, 622, 323, 431, 807, 524, 606, 429, 777, 737, 428, 296, 727, 407, 
666, 661, 291, 577, 616, 143, 641, 787, 294, 552, 776, 847, 252, 710, 415, 410, 448, 464, 391, 415, 922, 684, 363, 123, 248, 313, 508, 738, 37, 162, 597, -1, 365, 199, 469, 707, 435, 383, 715, 570, 257, 532, 739, 650, 688, 86, 339, 896, 197, 470, 602, 607, 769, 470, 441, 257, 450, 800, 494, 264, 293, 544, 579, 933, 289, 592, 413, 623, 888, 816, 276, 627, 549, 246, 192, 198, 604, 689, 545, 627, 404, 933, 694, 826, 873, 204, 176, 804, 814, 348, 400, 400, 281, 380, 164, 797, 659, 161, 697, 
969, 943, 642, 937, 845, 475, 733, 1059, 654, 858, 1126, 1176, 594, 1067, 599, 668, 679, 498, 752, 416, 1259, 1047, 576, 488, 604, 678, 513, 992, 389, 370, 842, 365, -1, 553, 683, 1027, 472, 20, 1049, 916, 613, 894, 908, 999, 927, 292, 511, 1212, 319, 816, 877, 907, 1044, 657, 743, 622, 372, 1113, 722, 583, 547, 869, 780, 1257, 653, 767, 341, 899, 1229, 1086, 90, 944, 881, 400, 534, 267, 776, 846, 885, 937, 677, 1269, 760, 1145, 1179, 265, 230, 936, 888, 632, 765, 316, 415, 693, 226, 1132, 773, 219, 1041, 
482, 489, 92, 430, 481, 87, 594, 616, 179, 503, 577, 650, 63, 514, 348, 281, 334, 485, 200, 469, 724, 496, 287, 96, 172, 152, 536, 579, 191, 319, 453, 199, 553, -1, 365, 514, 463, 570, 517, 371, 178, 384, 633, 451, 541, 285, 308, 703, 293, 271, 437, 426, 598, 387, 414, 127, 533, 608, 374, 107, 206, 469, 467, 737, 115, 498, 504, 456, 689, 646, 468, 437, 353, 281, 190, 389, 511, 595, 347, 440, 263, 735, 657, 633, 684, 395, 335, 716, 760, 364, 231, 500, 308, 352, 363, 599, 597, 360, 498, 
341, 287, 345, 695, 162, 344, 257, 385, 527, 853, 601, 575, 315, 592, 88, 94, 35, 293, 429, 344, 669, 633, 111, 441, 535, 471, 333, 312, 490, 630, 163, 469, 683, 365, -1, 424, 292, 692, 479, 425, 540, 656, 272, 493, 244, 538, 172, 579, 369, 365, 222, 286, 373, 50, 775, 480, 433, 484, 44, 259, 177, 807, 109, 635, 432, 132, 429, 242, 656, 409, 628, 349, 350, 284, 553, 655, 145, 229, 380, 330, 123, 675, 324, 524, 534, 660, 468, 350, 406, 729, 505, 444, 268, 714, 595, 554, 243, 583, 506, 
90, 167, 425, 526, 333, 567, 632, 210, 557, 797, 206, 153, 455, 249, 504, 382, 404, 717, 381, 760, 245, 335, 489, 608, 601, 486, 757, 253, 705, 831, 297, 707, 1027, 514, 424, -1, 714, 1041, 76, 186, 601, 510, 485, 168, 298, 793, 564, 189, 713, 257, 211, 138, 194, 474, 773, 539, 849, 96, 382, 448, 486, 728, 409, 229, 475, 467, 839, 199, 232, 231, 952, 83, 162, 645, 666, 902, 472, 505, 181, 95, 363, 253, 692, 119, 174, 908, 796, 588, 715, 789, 443, 850, 646, 733, 869, 131, 593, 863, 135, 
633, 579, 501, 881, 435, 389, 260, 669, 640, 956, 878, 866, 449, 854, 209, 339, 310, 29, 618, 60, 960, 878, 236, 486, 621, 612, 74, 589, 470, 582, 449, 435, 472, 463, 292, 714, -1, 475, 764, 684, 630, 836, 449, 761, 515, 460, 171, 872, 244, 602, 515, 576, 659, 247, 855, 589, 144, 777, 336, 396, 284, 929, 354, 928, 571, 322, 150, 534, 944, 690, 450, 636, 618, 194, 601, 556, 327, 385, 640, 619, 365, 966, 291, 817, 826, 559, 324, 465, 419, 775, 677, 172, 160, 791, 483, 842, 302, 467, 783, 
982, 955, 659, 957, 855, 491, 736, 1070, 674, 878, 1142, 1190, 611, 1084, 608, 680, 689, 500, 770, 417, 1274, 1065, 586, 507, 624, 697, 513, 1003, 409, 390, 852, 383, 20, 570, 692, 1041, 475, -1, 1064, 932, 632, 913, 914, 1015, 936, 312, 520, 1225, 331, 832, 889, 920, 1055, 666, 763, 640, 370, 1126, 732, 598, 560, 889, 788, 1271, 671, 773, 340, 911, 1245, 1096, 110, 958, 896, 410, 554, 287, 782, 852, 900, 951, 689, 1284, 761, 1159, 1192, 285, 245, 940, 889, 652, 784, 315, 424, 713, 246, 1147, 777, 239, 1056, 
161, 240, 426, 469, 402, 580, 699, 283, 535, 751, 132, 133, 463, 176, 555, 426, 455, 769, 361, 807, 210, 265, 533, 608, 583, 467, 811, 329, 709, 828, 365, 715, 1049, 517, 479, 76, 764, 1064, -1, 156, 582, 458, 559, 108, 373, 801, 607, 202, 741, 247, 278, 198, 269, 529, 737, 524, 895, 136, 439, 466, 520, 680, 476, 223, 462, 534, 882, 268, 183, 302, 970, 130, 167, 679, 653, 907, 540, 577, 170, 152, 404, 219, 760, 136, 209, 912, 819, 663, 788, 762, 412, 891, 683, 701, 878, 83, 661, 874, 63, 
217, 281, 279, 350, 404, 441, 673, 375, 379, 611, 210, 288, 322, 170, 483, 349, 394, 694, 204, 719, 354, 211, 447, 458, 427, 310, 741, 390, 561, 675, 362, 570, 916, 371, 425, 186, 684, 932, 156, -1, 425, 328, 580, 82, 406, 656, 517, 358, 620, 100, 282, 207, 357, 474, 587, 368, 803, 279, 394, 337, 414, 543, 457, 379, 306, 514, 785, 285, 318, 402, 834, 153, 79, 569, 497, 758, 523, 580, 45, 177, 321, 365, 738, 289, 357, 763, 689, 685, 791, 607, 258, 791, 579, 548, 734, 232, 645, 731, 126, 
593, 619, 208, 325, 641, 241, 773, 743, 50, 327, 604, 713, 225, 522, 526, 452, 508, 655, 221, 628, 771, 472, 466, 149, 9, 115, 704, 719, 226, 280, 609, 257, 613, 178, 540, 601, 630, 632, 582, 425, -1, 282, 803, 491, 693, 320, 484, 782, 427, 343, 577, 547, 724, 565, 235, 66, 681, 697, 545, 281, 385, 300, 638, 805, 130, 673, 648, 593, 730, 773, 522, 536, 441, 439, 85, 383, 685, 769, 419, 548, 430, 783, 836, 713, 775, 388, 433, 890, 939, 199, 183, 639, 470, 174, 390, 655, 775, 395, 544, 
545, 603, 335, 46, 695, 471, 912, 704, 239, 295, 420, 568, 387, 326, 679, 562, 620, 855, 227, 849, 596, 243, 624, 412, 290, 232, 906, 713, 504, 557, 654, 532, 894, 384, 656, 510, 836, 913, 458, 328, 282, -1, 873, 350, 717, 601, 669, 654, 676, 314, 589, 525, 686, 696, 306, 277, 917, 593, 641, 440, 555, 222, 725, 656, 269, 775, 888, 597, 549, 730, 803, 480, 391, 664, 365, 662, 786, 859, 353, 503, 533, 609, 979, 593, 668, 667, 701, 974, 1058, 373, 158, 884, 689, 294, 672, 506, 898, 677, 400, 
398, 319, 599, 907, 179, 616, 220, 323, 784, 1103, 692, 600, 578, 719, 328, 352, 299, 431, 658, 510, 691, 787, 376, 713, 798, 721, 443, 245, 761, 900, 220, 739, 908, 633, 272, 485, 449, 914, 559, 580, 803, 873, -1, 620, 187, 803, 415, 562, 615, 560, 298, 378, 325, 270, 1034, 739, 587, 494, 259, 526, 448, 1051, 165, 624, 686, 148, 599, 299, 696, 329, 868, 446, 502, 530, 822, 918, 137, 64, 540, 419, 373, 692, 253, 535, 505, 923, 714, 105, 234, 997, 738, 621, 504, 976, 855, 607, 167, 842, 610, 
230, 306, 359, 361, 450, 524, 732, 376, 443, 643, 127, 226, 404, 100, 557, 423, 463, 769, 274, 797, 279, 170, 524, 536, 494, 378, 815, 408, 640, 750, 409, 650, 999, 451, 493, 168, 761, 1015, 108, 82, 491, 350, 620, -1, 438, 737, 595, 307, 703, 182, 324, 242, 360, 543, 632, 438, 883, 244, 458, 420, 495, 572, 512, 317, 380, 570, 866, 321, 240, 399, 916, 174, 143, 650, 567, 836, 578, 628, 121, 201, 396, 292, 797, 243, 317, 841, 772, 725, 840, 664, 314, 872, 660, 599, 814, 165, 701, 812, 53, 
212, 133, 485, 746, 82, 550, 358, 159, 665, 969, 505, 418, 480, 535, 330, 277, 250, 507, 517, 572, 510, 607, 352, 633, 690, 597, 535, 75, 702, 843, 91, 688, 927, 541, 244, 298, 515, 936, 373, 406, 693, 717, 187, 438, -1, 764, 416, 390, 611, 404, 128, 199, 153, 275, 913, 627, 659, 312, 205, 439, 400, 910, 161, 451, 567, 204, 661, 121, 513, 176, 871, 263, 331, 528, 729, 882, 204, 212, 370, 236, 285, 512, 410, 354, 335, 887, 710, 290, 418, 892, 596, 679, 512, 859, 828, 421, 311, 817, 425, 
751, 744, 377, 645, 690, 227, 687, 869, 362, 585, 862, 933, 339, 794, 475, 486, 519, 490, 474, 429, 1009, 765, 428, 204, 312, 391, 529, 817, 100, 124, 673, 86, 292, 285, 538, 793, 460, 312, 801, 656, 320, 601, 803, 737, 764, -1, 393, 983, 216, 557, 683, 692, 852, 533, 470, 332, 447, 886, 566, 348, 365, 587, 647, 1020, 370, 655, 409, 704, 975, 898, 202, 713, 636, 286, 243, 117, 667, 750, 632, 713, 483, 1020, 735, 913, 959, 123, 153, 861, 859, 366, 478, 391, 319, 414, 77, 884, 710, 77, 783, 
490, 448, 334, 714, 335, 248, 303, 555, 487, 811, 715, 718, 284, 687, 89, 182, 173, 187, 449, 202, 810, 708, 75, 353, 476, 450, 237, 484, 368, 500, 334, 339, 511, 308, 172, 564, 171, 520, 607, 517, 484, 669, 415, 595, 416, 393, -1, 735, 201, 432, 381, 430, 541, 149, 717, 436, 288, 637, 213, 229, 114, 778, 271, 787, 409, 267, 275, 403, 790, 580, 459, 483, 454, 116, 470, 506, 278, 358, 474, 469, 203, 817, 360, 674, 694, 510, 301, 468, 476, 650, 511, 285, 95, 653, 440, 688, 320, 427, 621, 
245, 293, 614, 660, 452, 756, 748, 238, 737, 949, 255, 92, 645, 341, 665, 555, 565, 870, 561, 923, 142, 437, 659, 797, 784, 667, 906, 319, 894, 1020, 428, 896, 1212, 703, 579, 189, 872, 1225, 202, 358, 782, 654, 562, 307, 390, 983, 735, -1, 895, 442, 357, 306, 238, 625, 939, 723, 1012, 99, 535, 637, 667, 877, 537, 62, 659, 589, 1006, 337, 169, 237, 1139, 270, 350, 824, 851, 1092, 591, 600, 365, 274, 540, 138, 800, 70, 58, 1098, 981, 655, 795, 965, 615, 1019, 821, 904, 1058, 150, 701, 1052, 254, 
651, 623, 367, 722, 531, 206, 476, 739, 451, 741, 830, 864, 312, 782, 290, 348, 361, 274, 487, 218, 951, 779, 259, 277, 418, 444, 315, 674, 234, 337, 524, 197, 319, 293, 369, 713, 244, 331, 741, 620, 427, 676, 615, 703, 611, 216, 201, 895, -1, 523, 557, 589, 724, 350, 633, 404, 256, 796, 406, 284, 228, 726, 471, 942, 408, 467, 221, 579, 924, 766, 259, 630, 575, 85, 379, 317, 478, 557, 584, 621, 357, 960, 522, 830, 861, 321, 100, 661, 647, 544, 525, 212, 111, 571, 247, 824, 505, 232, 740, 
255, 298, 179, 346, 381, 341, 621, 412, 301, 571, 310, 381, 222, 260, 410, 279, 331, 615, 127, 633, 452, 276, 368, 361, 344, 229, 664, 407, 462, 580, 341, 470, 816, 271, 365, 257, 602, 832, 247, 100, 343, 314, 560, 182, 404, 557, 432, 442, 523, -1, 276, 220, 393, 411, 529, 282, 715, 353, 341, 238, 324, 509, 418, 470, 217, 471, 695, 286, 417, 441, 734, 195, 98, 474, 409, 660, 482, 549, 77, 210, 249, 463, 687, 371, 432, 665, 589, 662, 754, 535, 199, 699, 487, 483, 634, 327, 600, 631, 226, 
123, 66, 370, 619, 126, 459, 421, 185, 545, 843, 408, 356, 374, 423, 308, 209, 209, 514, 391, 566, 451, 488, 308, 531, 574, 475, 552, 143, 611, 749, 87, 602, 877, 437, 222, 211, 515, 889, 278, 282, 577, 589, 298, 324, 128, 683, 381, 357, 557, 276, -1, 82, 169, 269, 790, 510, 655, 262, 178, 341, 331, 783, 198, 413, 448, 256, 650, 21, 443, 214, 812, 152, 205, 480, 620, 800, 262, 304, 244, 127, 203, 456, 482, 302, 313, 805, 651, 403, 517, 776, 470, 663, 472, 738, 752, 342, 383, 743, 320, 
61, 77, 349, 552, 208, 464, 501, 196, 510, 791, 327, 290, 364, 341, 366, 248, 266, 578, 345, 623, 383, 409, 354, 523, 545, 438, 619, 187, 611, 745, 169, 607, 907, 426, 286, 138, 576, 920, 198, 207, 547, 525, 378, 242, 199, 692, 430, 306, 589, 220, 82, -1, 176, 335, 748, 481, 712, 208, 244, 343, 360, 729, 278, 357, 416, 336, 703, 78, 370, 225, 837, 70, 134, 517, 599, 806, 342, 386, 173, 46, 233, 390, 563, 244, 272, 812, 677, 483, 599, 744, 420, 715, 515, 699, 765, 268, 465, 757, 238, 
141, 108, 524, 707, 225, 626, 512, 19, 687, 961, 393, 278, 534, 444, 461, 376, 368, 653, 519, 714, 366, 529, 470, 693, 722, 615, 684, 81, 777, 914, 210, 769, 1044, 598, 373, 194, 659, 1055, 269, 357, 724, 686, 325, 360, 153, 852, 541, 238, 724, 393, 169, 176, -1, 413, 923, 658, 802, 172, 329, 507, 500, 896, 309, 300, 593, 357, 801, 147, 375, 49, 980, 205, 299, 645, 775, 968, 358, 362, 334, 185, 372, 367, 562, 211, 182, 973, 819, 421, 559, 921, 592, 816, 635, 875, 921, 295, 464, 912, 330, 
389, 332, 377, 737, 193, 354, 216, 424, 555, 883, 651, 624, 342, 642, 59, 134, 80, 245, 469, 301, 718, 682, 107, 456, 558, 503, 283, 347, 494, 632, 202, 470, 657, 387, 50, 474, 247, 666, 529, 474, 565, 696, 270, 543, 275, 533, 149, 625, 350, 411, 269, 335, 413, -1, 800, 506, 389, 531, 91, 284, 186, 840, 122, 682, 463, 122, 388, 288, 706, 446, 608, 399, 400, 265, 570, 648, 134, 218, 429, 379, 164, 724, 283, 571, 579, 653, 450, 335, 374, 749, 543, 404, 243, 739, 586, 603, 210, 573, 557, 
785, 824, 435, 326, 868, 469, 1009, 942, 250, 115, 720, 858, 460, 627, 762, 685, 742, 881, 403, 846, 896, 550, 702, 368, 242, 316, 929, 930, 404, 373, 833, 441, 743, 414, 775, 773, 855, 763, 737, 587, 235, 306, 1034, 632, 913, 470, 717, 939, 633, 529, 790, 748, 923, 800, -1, 295, 889, 866, 777, 516, 621, 140, 870, 948, 349, 907, 854, 805, 850, 971, 656, 723, 626, 661, 255, 478, 920, 1002, 595, 739, 662, 909, 1071, 873, 943, 481, 613, 1123, 1175, 112, 331, 841, 694, 63, 518, 796, 1011, 529, 686, 
528, 553, 142, 322, 576, 204, 718, 677, 51, 377, 555, 657, 164, 477, 471, 389, 446, 613, 164, 593, 718, 437, 411, 135, 64, 62, 663, 653, 232, 316, 543, 257, 622, 127, 480, 539, 589, 640, 524, 368, 66, 277, 739, 438, 627, 332, 436, 723, 404, 282, 510, 481, 658, 506, 295, -1, 652, 636, 482, 222, 331, 342, 575, 748, 65, 612, 621, 527, 679, 707, 532, 473, 378, 404, 129, 411, 624, 707, 358, 483, 366, 730, 782, 653, 714, 417, 424, 828, 881, 265, 146, 615, 433, 236, 407, 599, 717, 409, 490, 
771, 720, 590, 963, 579, 449, 383, 813, 701, 997, 1004, 1002, 535, 973, 347, 468, 447, 156, 711, 89, 1095, 987, 362, 532, 672, 686, 150, 733, 487, 571, 592, 450, 372, 533, 433, 849, 144, 370, 895, 803, 681, 917, 587, 883, 659, 447, 288, 1012, 256, 715, 655, 712, 802, 389, 889, 652, -1, 916, 477, 490, 390, 981, 498, 1067, 647, 465, 38, 675, 1077, 834, 374, 769, 742, 253, 635, 519, 470, 522, 761, 753, 491, 1102, 397, 955, 967, 521, 294, 592, 523, 797, 760, 60, 231, 827, 445, 974, 431, 429, 909, 
146, 201, 521, 605, 366, 659, 666, 179, 653, 885, 235, 106, 549, 304, 569, 456, 469, 777, 477, 827, 197, 397, 561, 703, 697, 582, 814, 249, 799, 927, 338, 800, 1113, 608, 484, 96, 777, 1126, 136, 279, 697, 593, 494, 244, 312, 886, 637, 99, 796, 353, 262, 208, 172, 531, 866, 636, 916, -1, 440, 539, 568, 815, 450, 150, 571, 504, 909, 244, 203, 190, 1040, 172, 258, 725, 762, 996, 507, 525, 278, 175, 441, 200, 721, 41, 78, 1002, 882, 592, 728, 884, 537, 921, 723, 827, 961, 128, 622, 954, 198, 
298, 242, 343, 679, 125, 362, 280, 342, 527, 850, 562, 532, 319, 558, 132, 93, 46, 336, 417, 388, 626, 604, 146, 456, 539, 468, 375, 270, 512, 653, 120, 494, 722, 374, 44, 382, 336, 732, 439, 394, 545, 641, 259, 458, 205, 566, 213, 535, 406, 341, 178, 244, 329, 91, 777, 482, 477, 440, -1, 267, 201, 802, 93, 591, 431, 134, 473, 198, 614, 366, 665, 309, 316, 322, 564, 683, 146, 225, 349, 288, 115, 632, 346, 480, 490, 689, 504, 346, 417, 738, 495, 488, 308, 718, 626, 512, 258, 615, 469, 
402, 398, 105, 484, 375, 121, 496, 525, 271, 599, 547, 594, 58, 498, 251, 174, 228, 415, 222, 415, 675, 500, 191, 194, 275, 224, 466, 481, 270, 408, 349, 264, 583, 107, 259, 448, 396, 598, 466, 337, 281, 440, 526, 420, 439, 348, 229, 637, 284, 238, 341, 343, 507, 284, 516, 222, 490, 539, 267, -1, 116, 559, 360, 677, 183, 392, 466, 361, 646, 554, 505, 366, 298, 241, 296, 462, 405, 489, 302, 365, 157, 685, 561, 568, 611, 468, 353, 610, 659, 470, 281, 467, 258, 455, 422, 549, 495, 415, 459, 
422, 396, 220, 599, 324, 168, 388, 515, 382, 709, 618, 639, 173, 582, 141, 124, 155, 302, 334, 309, 727, 597, 81, 269, 378, 340, 352, 456, 313, 453, 309, 293, 547, 206, 177, 486, 284, 560, 520, 414, 385, 555, 448, 495, 400, 365, 114, 667, 228, 324, 331, 360, 500, 186, 621, 331, 390, 568, 201, 116, -1, 672, 286, 715, 298, 305, 371, 353, 703, 543, 480, 403, 358, 159, 384, 483, 317, 403, 373, 393, 129, 736, 451, 602, 632, 488, 319, 521, 555, 564, 396, 377, 165, 558, 428, 602, 392, 417, 525, 
755, 806, 462, 224, 876, 541, 1054, 915, 290, 73, 641, 791, 500, 547, 810, 714, 772, 953, 393, 929, 816, 459, 750, 449, 309, 336, 1004, 916, 508, 501, 838, 544, 869, 469, 807, 728, 929, 889, 680, 543, 300, 222, 1051, 572, 910, 587, 778, 877, 726, 509, 783, 729, 896, 840, 140, 342, 981, 815, 802, 559, 672, -1, 892, 878, 376, 936, 947, 794, 769, 943, 781, 691, 597, 740, 351, 609, 948, 1027, 562, 712, 687, 829, 1120, 815, 890, 612, 720, 1146, 1213, 249, 314, 938, 771, 177, 643, 729, 1050, 652, 623, 
320, 249, 436, 762, 85, 452, 223, 318, 620, 942, 605, 550, 413, 613, 181, 186, 134, 346, 504, 412, 644, 668, 219, 548, 633, 560, 375, 236, 599, 739, 112, 579, 780, 467, 109, 409, 354, 788, 476, 457, 638, 725, 165, 512, 161, 647, 271, 537, 471, 418, 198, 278, 309, 122, 870, 575, 498, 450, 93, 360, 286, 892, -1, 597, 523, 58, 501, 211, 639, 337, 730, 348, 378, 386, 657, 764, 65, 134, 414, 324, 208, 649, 285, 491, 486, 769, 572, 253, 336, 831, 583, 519, 366, 811, 703, 540, 188, 691, 515, 
297, 351, 647, 658, 513, 795, 809, 301, 757, 951, 241, 91, 681, 333, 720, 606, 620, 927, 584, 978, 92, 427, 712, 830, 807, 690, 964, 381, 929, 1051, 487, 933, 1257, 737, 635, 229, 928, 1271, 223, 379, 805, 656, 624, 317, 451, 1020, 787, 62, 942, 470, 413, 357, 300, 682, 948, 748, 1067, 150, 591, 677, 715, 878, 597, -1, 685, 650, 1060, 394, 131, 299, 1181, 312, 383, 873, 877, 1127, 652, 662, 393, 321, 589, 85, 862, 112, 120, 1133, 1026, 717, 857, 981, 632, 1072, 872, 917, 1096, 152, 763, 1091, 263, 
463, 489, 87, 315, 519, 202, 678, 612, 98, 420, 500, 595, 125, 426, 434, 340, 398, 592, 106, 581, 659, 395, 375, 166, 129, 41, 643, 590, 270, 371, 484, 289, 653, 115, 432, 475, 571, 671, 462, 306, 130, 269, 686, 380, 567, 370, 409, 659, 408, 217, 448, 416, 593, 463, 349, 65, 647, 571, 431, 183, 298, 376, 523, 685, -1, 563, 618, 464, 620, 642, 565, 408, 313, 394, 191, 460, 575, 656, 294, 418, 315, 671, 743, 589, 649, 465, 444, 777, 838, 328, 116, 615, 420, 292, 447, 539, 674, 448, 430, 
377, 305, 475, 812, 137, 473, 165, 364, 659, 983, 663, 605, 447, 671, 180, 222, 165, 309, 551, 381, 700, 725, 229, 573, 667, 601, 333, 280, 615, 754, 169, 592, 767, 498, 132, 467, 322, 773, 534, 514, 673, 775, 148, 570, 204, 655, 267, 589, 467, 471, 256, 336, 357, 122, 907, 612, 465, 504, 134, 392, 305, 936, 58, 650, 563, -1, 472, 268, 696, 380, 723, 406, 435, 383, 685, 770, 12, 97, 470, 382, 248, 704, 227, 546, 537, 775, 568, 217, 283, 862, 629, 491, 358, 847, 707, 597, 130, 694, 573, 
763, 715, 564, 934, 580, 418, 402, 812, 670, 962, 988, 993, 508, 954, 341, 457, 440, 168, 685, 90, 1085, 966, 350, 498, 639, 656, 173, 734, 451, 533, 590, 413, 341, 504, 429, 839, 150, 340, 882, 785, 648, 888, 599, 866, 661, 409, 275, 1006, 221, 695, 650, 703, 801, 388, 854, 621, 38, 909, 473, 466, 371, 947, 501, 1060, 618, 472, -1, 670, 1065, 834, 339, 758, 726, 226, 600, 481, 478, 535, 744, 743, 478, 1092, 421, 947, 962, 483, 256, 610, 549, 761, 733, 25, 208, 792, 407, 963, 448, 391, 894, 
109, 45, 388, 625, 134, 480, 432, 164, 561, 855, 399, 340, 393, 419, 328, 231, 230, 533, 404, 586, 435, 487, 329, 551, 591, 490, 570, 126, 631, 769, 98, 623, 899, 456, 242, 199, 534, 911, 268, 285, 593, 597, 299, 321, 121, 704, 403, 337, 579, 286, 21, 78, 147, 288, 805, 527, 675, 244, 198, 361, 353, 794, 211, 394, 464, 268, 670, -1, 428, 193, 834, 147, 209, 501, 638, 821, 273, 310, 248, 120, 225, 440, 493, 284, 292, 826, 673, 404, 522, 792, 482, 684, 494, 753, 774, 329, 394, 765, 313, 
319, 391, 597, 546, 559, 757, 860, 381, 681, 843, 130, 97, 638, 223, 735, 609, 634, 948, 514, 989, 47, 311, 715, 776, 733, 618, 989, 452, 879, 991, 526, 888, 1229, 689, 656, 232, 944, 1245, 183, 318, 730, 549, 696, 240, 513, 975, 790, 169, 924, 417, 443, 370, 375, 706, 850, 679, 1077, 203, 614, 646, 703, 769, 639, 131, 620, 696, 1065, 428, -1, 388, 1149, 308, 349, 863, 808, 1076, 700, 725, 345, 326, 587, 60, 918, 164, 220, 1081, 1000, 795, 930, 894, 549, 1075, 867, 825, 1052, 102, 818, 1049, 191, 
187, 156, 573, 751, 254, 674, 528, 30, 736, 1008, 421, 291, 583, 478, 497, 419, 407, 683, 568, 746, 373, 566, 510, 742, 771, 664, 712, 100, 824, 962, 246, 816, 1086, 646, 409, 231, 690, 1096, 302, 402, 773, 730, 329, 399, 176, 898, 580, 237, 766, 441, 214, 225, 49, 446, 971, 707, 834, 190, 366, 554, 543, 943, 337, 299, 642, 380, 834, 193, 388, -1, 1023, 251, 347, 686, 824, 1014, 379, 372, 380, 232, 417, 372, 574, 224, 179, 1020, 862, 418, 560, 970, 640, 851, 674, 924, 967, 317, 478, 958, 365, 
898, 877, 558, 847, 790, 392, 708, 996, 564, 771, 1043, 1099, 511, 982, 548, 604, 620, 478, 665, 399, 1180, 960, 518, 399, 514, 589, 501, 933, 299, 284, 783, 276, 90, 468, 628, 952, 450, 110, 970, 834, 522, 803, 868, 916, 871, 202, 459, 1139, 259, 734, 812, 837, 980, 608, 656, 532, 374, 1040, 665, 505, 480, 781, 730, 1181, 565, 723, 339, 834, 1149, 1023, -1, 869, 803, 344, 444, 187, 732, 808, 804, 864, 609, 1190, 741, 1071, 1108, 186, 161, 905, 870, 546, 676, 314, 365, 605, 138, 1054, 744, 129, 959, 
64, 132, 351, 503, 279, 486, 571, 223, 496, 757, 257, 236, 377, 272, 426, 301, 326, 640, 322, 681, 326, 343, 408, 532, 536, 424, 682, 239, 627, 756, 240, 627, 944, 437, 349, 83, 636, 958, 130, 153, 536, 480, 446, 174, 263, 713, 483, 270, 630, 195, 152, 70, 205, 399, 723, 473, 769, 172, 309, 366, 403, 691, 348, 312, 408, 406, 758, 147, 308, 251, 869, -1, 97, 562, 597, 824, 413, 456, 129, 26, 281, 334, 633, 201, 246, 830, 713, 551, 669, 730, 391, 768, 563, 678, 788, 205, 535, 782, 167, 
159, 211, 264, 417, 324, 412, 594, 318, 399, 662, 261, 297, 297, 242, 413, 279, 320, 626, 225, 656, 377, 290, 382, 447, 441, 327, 672, 322, 545, 669, 283, 549, 881, 353, 350, 162, 618, 896, 167, 79, 441, 391, 502, 143, 331, 636, 454, 350, 575, 98, 205, 134, 299, 400, 626, 378, 742, 258, 316, 298, 358, 597, 378, 383, 313, 435, 726, 209, 349, 347, 803, 97, -1, 516, 504, 743, 444, 501, 38, 114, 252, 387, 659, 279, 336, 749, 651, 606, 712, 633, 294, 734, 523, 581, 712, 251, 566, 708, 167, 
579, 546, 337, 709, 447, 200, 401, 659, 454, 763, 775, 798, 282, 735, 205, 271, 279, 221, 459, 189, 887, 741, 176, 293, 431, 434, 268, 592, 279, 401, 442, 246, 400, 281, 284, 645, 194, 410, 679, 569, 439, 664, 530, 650, 528, 286, 116, 824, 85, 474, 480, 517, 645, 265, 661, 404, 253, 725, 322, 241, 159, 740, 386, 873, 394, 383, 226, 501, 863, 686, 344, 562, 516, -1, 406, 395, 393, 473, 529, 552, 284, 895, 450, 760, 787, 399, 185, 579, 573, 581, 507, 226, 34, 597, 327, 762, 425, 313, 683, 
649, 668, 251, 407, 670, 221, 769, 794, 135, 362, 683, 786, 249, 603, 525, 471, 523, 627, 293, 591, 847, 557, 466, 117, 79, 189, 675, 763, 156, 195, 642, 192, 534, 190, 553, 666, 601, 554, 653, 497, 85, 365, 822, 567, 729, 243, 470, 851, 379, 409, 620, 599, 775, 570, 255, 129, 635, 762, 564, 296, 384, 351, 657, 877, 191, 685, 600, 638, 808, 824, 444, 597, 504, 406, -1, 298, 698, 783, 486, 605, 453, 860, 829, 781, 840, 303, 369, 903, 939, 180, 266, 589, 440, 192, 309, 729, 777, 315, 620, 
864, 860, 480, 703, 807, 341, 794, 985, 431, 592, 959, 1039, 447, 886, 590, 604, 637, 586, 566, 517, 1112, 849, 545, 299, 376, 473, 620, 934, 197, 108, 791, 198, 267, 389, 655, 902, 556, 287, 907, 758, 383, 662, 918, 836, 882, 117, 506, 1092, 317, 660, 800, 806, 968, 648, 478, 411, 519, 996, 683, 462, 483, 609, 764, 1127, 460, 770, 481, 821, 1076, 1014, 187, 824, 743, 395, 298, -1, 782, 864, 736, 825, 600, 1123, 839, 1022, 1070, 5, 232, 974, 965, 366, 557, 460, 426, 431, 74, 987, 820, 90, 884, 
382, 309, 488, 824, 141, 485, 159, 364, 671, 996, 670, 609, 460, 679, 191, 235, 177, 314, 563, 388, 704, 734, 241, 585, 680, 613, 336, 280, 627, 766, 175, 604, 776, 511, 145, 472, 327, 782, 540, 523, 685, 786, 137, 578, 204, 667, 278, 591, 478, 482, 262, 342, 358, 134, 920, 624, 470, 507, 146, 405, 317, 948, 65, 652, 575, 12, 478, 273, 700, 379, 732, 413, 444, 393, 698, 782, -1, 85, 479, 388, 261, 707, 220, 549, 538, 786, 578, 205, 272, 875, 641, 498, 368, 859, 718, 602, 122, 705, 580, 
416, 337, 569, 894, 178, 571, 160, 363, 753, 1076, 709, 630, 543, 728, 274, 317, 261, 367, 638, 446, 723, 790, 326, 671, 763, 693, 379, 280, 712, 851, 218, 689, 846, 595, 229, 505, 385, 852, 577, 580, 769, 859, 64, 628, 212, 750, 358, 600, 557, 549, 304, 386, 362, 218, 1002, 707, 522, 525, 225, 489, 403, 1027, 134, 662, 656, 97, 535, 310, 725, 372, 808, 456, 501, 473, 783, 864, 85, -1, 538, 430, 341, 725, 201, 566, 544, 869, 656, 120, 212, 959, 717, 557, 446, 943, 799, 631, 108, 785, 623, 
193, 249, 255, 379, 362, 412, 628, 353, 375, 628, 246, 303, 294, 214, 439, 304, 349, 650, 199, 676, 377, 255, 404, 437, 420, 304, 697, 360, 538, 658, 321, 545, 885, 347, 380, 181, 640, 900, 170, 45, 419, 353, 540, 121, 370, 632, 474, 365, 584, 77, 244, 173, 334, 429, 595, 358, 761, 278, 349, 302, 373, 562, 414, 393, 294, 470, 744, 248, 345, 380, 804, 129, 38, 529, 486, 736, 479, 538, -1, 149, 276, 388, 694, 294, 356, 742, 656, 644, 748, 607, 263, 750, 538, 552, 709, 252, 601, 705, 156, 
45, 105, 357, 526, 253, 485, 547, 203, 508, 776, 281, 249, 379, 299, 409, 287, 308, 621, 337, 665, 341, 370, 393, 536, 547, 436, 663, 213, 628, 760, 214, 627, 937, 440, 330, 95, 619, 951, 152, 177, 548, 503, 419, 201, 236, 713, 469, 274, 621, 210, 127, 46, 185, 379, 739, 483, 753, 175, 288, 365, 393, 712, 324, 321, 418, 382, 743, 120, 326, 232, 864, 26, 114, 552, 605, 825, 388, 430, 149, -1, 268, 348, 609, 208, 246, 831, 707, 524, 643, 742, 408, 754, 551, 693, 787, 223, 510, 780, 193, 
294, 267, 227, 573, 218, 265, 379, 388, 412, 735, 513, 517, 206, 491, 163, 30, 87, 373, 306, 404, 607, 522, 129, 350, 425, 352, 420, 333, 417, 558, 194, 404, 677, 263, 123, 363, 365, 689, 404, 321, 430, 533, 373, 396, 285, 483, 203, 540, 357, 249, 203, 233, 372, 164, 662, 366, 491, 441, 115, 157, 129, 687, 208, 589, 315, 248, 478, 225, 587, 417, 609, 281, 252, 284, 453, 600, 261, 341, 276, 268, -1, 615, 446, 476, 503, 606, 448, 462, 528, 624, 383, 487, 282, 603, 550, 484, 366, 541, 419, 
334, 399, 643, 606, 566, 799, 866, 370, 734, 902, 189, 100, 682, 283, 757, 635, 656, 968, 566, 1013, 13, 371, 742, 824, 786, 670, 1008, 447, 926, 1041, 536, 933, 1269, 735, 675, 253, 966, 1284, 219, 365, 783, 609, 692, 292, 512, 1020, 817, 138, 960, 463, 456, 390, 367, 724, 909, 730, 1102, 200, 632, 685, 736, 829, 649, 85, 671, 704, 1092, 440, 60, 372, 1190, 334, 387, 895, 860, 1123, 707, 725, 388, 348, 615, -1, 922, 158, 195, 1129, 1038, 787, 926, 951, 604, 1103, 897, 882, 1097, 136, 822, 1093, 240, 
602, 526, 659, 1019, 359, 607, 67, 564, 832, 1159, 890, 825, 619, 897, 310, 416, 359, 263, 752, 344, 919, 949, 370, 712, 829, 784, 248, 481, 725, 851, 395, 694, 760, 657, 324, 692, 291, 761, 760, 738, 836, 979, 253, 797, 410, 735, 360, 800, 522, 687, 482, 563, 562, 283, 1071, 782, 397, 721, 346, 561, 451, 1120, 285, 862, 743, 227, 421, 493, 918, 574, 741, 633, 659, 450, 829, 839, 220, 201, 694, 609, 446, 922, -1, 763, 744, 843, 611, 211, 128, 1009, 826, 446, 416, 1009, 767, 821, 99, 752, 800, 
184, 242, 544, 601, 408, 687, 708, 217, 667, 886, 212, 67, 575, 290, 608, 493, 508, 817, 492, 866, 156, 385, 599, 727, 714, 597, 854, 290, 824, 949, 380, 826, 1145, 633, 524, 119, 817, 1159, 136, 289, 713, 593, 535, 243, 354, 913, 674, 70, 830, 371, 302, 244, 211, 571, 873, 653, 955, 41, 480, 568, 602, 815, 491, 112, 589, 546, 947, 284, 164, 224, 1071, 201, 279, 760, 781, 1022, 549, 566, 294, 208, 476, 158, 763, -1, 77, 1028, 914, 632, 769, 896, 547, 959, 759, 836, 988, 102, 664, 983, 192, 
210, 247, 597, 678, 401, 731, 693, 181, 731, 960, 288, 131, 623, 367, 621, 516, 522, 823, 555, 878, 198, 462, 619, 779, 776, 660, 858, 263, 873, 1003, 379, 873, 1179, 684, 534, 174, 826, 1192, 209, 357, 775, 668, 505, 317, 335, 959, 694, 58, 861, 432, 313, 272, 182, 579, 943, 714, 967, 78, 490, 611, 632, 890, 486, 120, 649, 537, 962, 292, 220, 179, 1108, 246, 336, 787, 840, 1070, 538, 544, 356, 246, 503, 195, 744, 77, -1, 1076, 949, 597, 738, 963, 615, 976, 782, 905, 1033, 178, 646, 1026, 268, 
870, 865, 486, 708, 813, 347, 798, 991, 436, 595, 964, 1045, 453, 892, 595, 610, 642, 589, 572, 520, 1117, 854, 550, 305, 381, 479, 623, 940, 203, 112, 796, 204, 265, 395, 660, 908, 559, 285, 912, 763, 388, 667, 923, 841, 887, 123, 510, 1098, 321, 665, 805, 812, 973, 653, 481, 417, 521, 1002, 689, 468, 488, 612, 769, 1133, 465, 775, 483, 826, 1081, 1020, 186, 830, 749, 399, 303, 5, 786, 869, 742, 831, 606, 1129, 843, 1028, 1076, -1, 235, 978, 969, 369, 563, 462, 430, 435, 77, 993, 825, 93, 890, 
739, 716, 420, 747, 629, 251, 569, 834, 466, 726, 899, 945, 369, 843, 390, 442, 459, 354, 535, 285, 1029, 831, 357, 289, 424, 474, 388, 771, 212, 276, 622, 176, 230, 335, 468, 796, 324, 245, 819, 689, 433, 701, 714, 772, 710, 153, 301, 981, 100, 589, 651, 677, 819, 450, 613, 424, 294, 882, 504, 353, 319, 720, 572, 1026, 444, 568, 256, 673, 1000, 862, 161, 713, 651, 185, 369, 232, 578, 656, 656, 707, 448, 1038, 611, 914, 949, 235, -1, 759, 738, 514, 560, 238, 210, 554, 158, 902, 600, 142, 812, 
503, 424, 690, 1008, 282, 690, 208, 417, 874, 1196, 795, 698, 664, 824, 388, 438, 381, 442, 756, 524, 787, 892, 443, 790, 884, 814, 442, 343, 829, 966, 323, 804, 936, 716, 350, 588, 465, 940, 663, 685, 890, 974, 105, 725, 290, 861, 468, 655, 661, 662, 403, 483, 421, 335, 1123, 828, 592, 592, 346, 610, 521, 1146, 253, 717, 777, 217, 610, 404, 795, 418, 905, 551, 606, 579, 903, 974, 205, 120, 644, 524, 462, 787, 211, 632, 597, 978, 759, -1, 145, 1080, 835, 634, 550, 1063, 907, 709, 163, 892, 715, 
627, 548, 751, 1096, 390, 718, 173, 556, 930, 1257, 920, 834, 717, 940, 414, 500, 441, 392, 834, 473, 925, 1002, 474, 823, 932, 877, 376, 479, 844, 973, 431, 814, 888, 760, 406, 715, 419, 889, 788, 791, 939, 1058, 234, 840, 418, 859, 476, 795, 647, 754, 517, 599, 559, 374, 1175, 881, 523, 728, 417, 659, 555, 1213, 336, 857, 838, 283, 549, 522, 930, 560, 870, 669, 712, 573, 939, 965, 272, 212, 748, 643, 528, 926, 128, 769, 738, 969, 738, 145, -1, 1119, 911, 574, 540, 1113, 894, 840, 164, 878, 836, 
788, 817, 407, 402, 839, 401, 949, 940, 234, 226, 764, 890, 418, 675, 705, 645, 699, 802, 408, 761, 938, 607, 645, 297, 202, 306, 849, 918, 310, 262, 807, 348, 632, 364, 729, 789, 775, 652, 762, 607, 199, 373, 997, 664, 892, 366, 650, 965, 544, 535, 776, 744, 921, 749, 112, 265, 797, 884, 738, 470, 564, 249, 831, 981, 328, 862, 761, 792, 894, 970, 546, 730, 633, 581, 180, 366, 875, 959, 607, 742, 624, 951, 1009, 896, 963, 369, 514, 1080, 1119, -1, 350, 747, 615, 81, 409, 829, 957, 421, 718, 
453, 497, 176, 203, 562, 319, 760, 612, 133, 372, 422, 540, 228, 338, 522, 411, 470, 697, 79, 691, 591, 291, 467, 276, 188, 87, 747, 605, 378, 460, 524, 400, 765, 231, 505, 443, 677, 784, 412, 258, 183, 158, 738, 314, 596, 478, 511, 615, 525, 199, 470, 420, 592, 543, 331, 146, 760, 537, 495, 281, 396, 314, 583, 632, 116, 629, 733, 482, 549, 640, 676, 391, 294, 507, 266, 557, 641, 717, 263, 408, 383, 604, 826, 547, 615, 563, 560, 835, 911, 350, -1, 730, 531, 290, 553, 480, 749, 555, 368, 
775, 729, 563, 930, 597, 413, 426, 828, 663, 951, 995, 1003, 507, 959, 355, 467, 453, 191, 685, 111, 1095, 968, 360, 489, 630, 652, 198, 751, 438, 515, 606, 400, 316, 500, 444, 850, 172, 315, 891, 791, 639, 884, 621, 872, 679, 391, 285, 1019, 212, 699, 663, 715, 816, 404, 841, 615, 60, 921, 488, 467, 377, 938, 519, 1072, 615, 491, 25, 684, 1075, 851, 314, 768, 734, 226, 589, 460, 498, 557, 750, 754, 487, 1103, 446, 959, 976, 462, 238, 634, 574, 747, 730, -1, 212, 780, 387, 972, 471, 370, 901, 
576, 539, 359, 734, 430, 230, 368, 649, 483, 795, 783, 799, 304, 746, 184, 266, 266, 187, 480, 160, 889, 757, 164, 326, 462, 460, 235, 579, 314, 435, 429, 281, 415, 308, 268, 646, 160, 424, 683, 579, 470, 689, 504, 660, 512, 319, 95, 821, 111, 487, 472, 515, 635, 243, 694, 433, 231, 723, 308, 258, 165, 771, 366, 872, 420, 358, 208, 494, 867, 674, 365, 563, 523, 34, 440, 426, 368, 446, 538, 551, 282, 897, 416, 759, 782, 430, 210, 550, 540, 615, 531, 212, -1, 631, 357, 765, 394, 342, 690, 
739, 774, 377, 321, 811, 406, 946, 894, 193, 171, 694, 826, 399, 603, 700, 625, 682, 817, 356, 783, 869, 532, 640, 304, 180, 262, 866, 879, 343, 324, 777, 380, 693, 352, 714, 733, 791, 713, 701, 548, 174, 294, 976, 599, 859, 414, 653, 904, 571, 483, 738, 699, 875, 739, 63, 236, 827, 827, 718, 455, 558, 177, 811, 917, 292, 847, 792, 753, 825, 924, 605, 678, 581, 597, 192, 431, 859, 943, 552, 693, 603, 882, 1009, 836, 905, 435, 554, 1063, 1113, 81, 290, 780, 631, -1, 467, 764, 949, 477, 653, 
824, 814, 455, 715, 751, 301, 723, 938, 435, 634, 939, 1010, 415, 872, 527, 551, 580, 512, 552, 443, 1086, 842, 484, 281, 382, 467, 546, 883, 177, 148, 737, 164, 226, 363, 595, 869, 483, 246, 878, 734, 390, 672, 855, 814, 828, 77, 440, 1058, 247, 634, 752, 765, 921, 586, 518, 407, 445, 961, 626, 422, 428, 643, 703, 1096, 447, 707, 407, 774, 1052, 967, 138, 788, 712, 327, 309, 74, 718, 799, 709, 787, 550, 1097, 767, 988, 1033, 77, 158, 907, 894, 409, 553, 387, 357, 467, -1, 961, 751, 16, 861, 
220, 295, 507, 510, 462, 662, 762, 305, 607, 801, 109, 62, 545, 191, 632, 506, 532, 845, 435, 886, 126, 286, 613, 688, 657, 540, 887, 367, 790, 907, 428, 797, 1132, 599, 554, 131, 842, 1147, 83, 232, 655, 506, 607, 165, 421, 884, 688, 150, 824, 327, 342, 268, 295, 603, 796, 599, 974, 128, 512, 549, 602, 729, 540, 152, 539, 597, 963, 329, 102, 317, 1054, 205, 251, 762, 729, 987, 602, 631, 252, 223, 484, 136, 821, 102, 178, 993, 902, 709, 840, 829, 480, 972, 765, 764, 961, -1, 722, 956, 111, 
503, 427, 587, 937, 260, 557, 53, 467, 766, 1093, 792, 726, 553, 802, 251, 337, 279, 279, 673, 361, 819, 856, 311, 661, 768, 713, 283, 383, 687, 820, 296, 659, 773, 597, 243, 593, 302, 777, 661, 645, 775, 898, 167, 701, 311, 710, 320, 701, 505, 600, 383, 465, 464, 210, 1011, 717, 431, 622, 258, 495, 392, 1050, 188, 763, 674, 130, 448, 394, 818, 478, 744, 535, 566, 425, 777, 820, 122, 108, 601, 510, 366, 822, 99, 664, 646, 825, 600, 163, 164, 957, 749, 471, 394, 949, 751, 722, -1, 737, 703, 
817, 806, 452, 720, 740, 295, 708, 929, 438, 644, 937, 1005, 411, 871, 514, 541, 569, 496, 551, 427, 1082, 843, 472, 281, 387, 468, 530, 873, 177, 161, 727, 161, 219, 360, 583, 863, 467, 239, 874, 731, 395, 677, 842, 812, 817, 77, 427, 1052, 232, 631, 743, 757, 912, 573, 529, 409, 429, 954, 615, 415, 417, 652, 691, 1091, 448, 694, 391, 765, 1049, 958, 129, 782, 708, 313, 315, 90, 705, 785, 705, 780, 541, 1093, 752, 983, 1026, 93, 142, 892, 878, 421, 555, 370, 342, 477, 16, 956, 737, -1, 857, 
212, 291, 405, 409, 446, 567, 737, 345, 496, 694, 94, 172, 448, 113, 576, 444, 479, 790, 326, 823, 228, 201, 548, 585, 547, 430, 835, 387, 688, 801, 407, 697, 1041, 498, 506, 135, 783, 1056, 63, 126, 544, 400, 610, 53, 425, 783, 621, 254, 740, 226, 320, 238, 330, 557, 686, 490, 909, 198, 469, 459, 525, 623, 515, 263, 430, 573, 894, 313, 191, 365, 959, 167, 167, 683, 620, 884, 580, 623, 156, 193, 419, 240, 800, 192, 268, 890, 812, 715, 836, 718, 368, 901, 690, 653, 861, 111, 703, 857, -1]