[-1, 993, 863, 575, 1039, 964, 833, 1180, 780, 427, 962, 1086, 286, 338, 496, 825, 607, 821, 708, 561, 955, 845, 1049, 779, 632, 666, 687, 809, 1378, 894, 698, 1058, 974, 1035, 852, 477, 851, 1252, 1091, 738, 779, 866, 494, 975, 792, 684, 702, 781, 1060, 506, 890, 1111, 595, 1055, 477, 953, 604, 522, 575, 616, 711, 463, 740, 612, 1075, 562, 865, 762, 988, 538, 822, 648, 418, 372, 437, 807, 796, 610, 1005, 818, 742, 822, 1253, 727, 1177, 1038, 956, 613, 779, 609, 
993, -1, 1140, 751, 465, 985, 266, 778, 779, 865, 753, 524, 817, 1120, 809, 683, 1190, 738, 780, 665, 451, 658, 249, 504, 490, 976, 880, 527, 985, 883, 633, 343, 458, 580, 1015, 732, 1133, 825, 992, 467, 574, 546, 695, 730, 637, 1112, 927, 667, 570, 907, 854, 795, 1208, 1130, 708, 1167, 546, 598, 822, 798, 543, 776, 928, 486, 829, 775, 907, 825, 694, 587, 814, 510, 787, 683, 874, 803, 878, 1048, 873, 785, 873, 810, 1068, 711, 1021, 634, 290, 500, 680, 603, 
863, 1140, -1, 1005, 1010, 895, 971, 790, 987, 858, 880, 961, 659, 587, 697, 692, 364, 1154, 775, 962, 1017, 981, 1059, 1097, 1118, 678, 453, 1120, 860, 384, 1104, 1122, 968, 979, 330, 581, 306, 809, 1136, 732, 1254, 896, 980, 681, 674, 533, 278, 833, 844, 775, 533, 932, 526, 1067, 741, 743, 689, 682, 936, 733, 803, 606, 260, 974, 1065, 459, 609, 458, 760, 1123, 608, 851, 968, 725, 642, 914, 683, 430, 837, 796, 779, 812, 768, 1168, 633, 1085, 1042, 873, 1126, 844, 
575, 751, 1005, -1, 630, 563, 533, 962, 584, 521, 986, 1024, 518, 756, 349, 615, 852, 860, 663, 785, 641, 445, 904, 544, 544, 689, 765, 309, 1171, 1003, 437, 691, 571, 664, 918, 679, 915, 1040, 622, 510, 460, 954, 121, 1021, 569, 647, 875, 456, 977, 885, 1041, 700, 733, 627, 297, 983, 668, 408, 194, 458, 366, 602, 769, 585, 1210, 647, 620, 746, 766, 464, 999, 733, 738, 522, 551, 466, 808, 951, 782, 509, 587, 733, 1215, 483, 1042, 1009, 819, 678, 316, 627, 
1039, 465, 1010, 630, -1, 602, 322, 524, 743, 889, 890, 700, 823, 1099, 670, 511, 1080, 926, 708, 941, 339, 410, 564, 574, 720, 841, 821, 416, 717, 875, 638, 248, 65, 251, 869, 809, 962, 578, 606, 351, 690, 838, 647, 797, 410, 871, 888, 415, 631, 1083, 919, 342, 1038, 739, 595, 1007, 678, 541, 653, 628, 338, 795, 770, 712, 1076, 736, 577, 717, 453, 778, 940, 743, 1013, 764, 836, 541, 791, 1086, 610, 540, 737, 770, 935, 768, 795, 821, 598, 740, 538, 698, 
964, 985, 895, 563, 602, -1, 734, 791, 720, 816, 1082, 1155, 814, 950, 502, 536, 851, 1230, 838, 1171, 777, 568, 1082, 896, 1008, 794, 769, 623, 918, 989, 842, 807, 568, 634, 847, 899, 744, 843, 444, 609, 883, 1183, 653, 1095, 562, 509, 909, 524, 1042, 1178, 1116, 398, 700, 286, 573, 980, 893, 636, 537, 603, 488, 793, 671, 946, 1446, 736, 299, 685, 695, 970, 1112, 1042, 1158, 839, 724, 533, 900, 1078, 709, 374, 570, 762, 1116, 833, 745, 1237, 1020, 995, 655, 935, 
833, 266, 971, 533, 322, 734, -1, 697, 569, 666, 677, 625, 652, 941, 561, 451, 986, 783, 679, 649, 406, 501, 420, 475, 475, 828, 688, 342, 912, 780, 548, 339, 285, 471, 872, 598, 923, 754, 805, 257, 461, 593, 495, 725, 461, 874, 790, 487, 607, 825, 809, 611, 976, 899, 494, 1051, 442, 397, 611, 618, 302, 591, 732, 398, 930, 587, 668, 626, 586, 505, 747, 504, 727, 524, 659, 628, 784, 920, 753, 525, 630, 612, 1022, 543, 845, 736, 342, 443, 530, 547, 
1180, 778, 790, 962, 524, 791, 697, -1, 1079, 1129, 1021, 590, 900, 1110, 864, 696, 1014, 981, 643, 1085, 525, 633, 687, 800, 990, 740, 847, 867, 231, 689, 882, 590, 531, 418, 583, 854, 873, 93, 792, 540, 1134, 890, 961, 555, 413, 858, 723, 550, 441, 1141, 695, 473, 1036, 906, 767, 743, 771, 688, 891, 675, 613, 912, 654, 991, 943, 767, 601, 736, 241, 1100, 890, 823, 1171, 921, 983, 661, 599, 993, 428, 800, 967, 988, 461, 1178, 710, 750, 850, 922, 868, 750, 
780, 779, 987, 584, 743, 720, 569, 1079, -1, 376, 583, 1105, 735, 856, 465, 410, 869, 1199, 1028, 798, 926, 865, 916, 927, 803, 1060, 561, 602, 1253, 899, 909, 881, 701, 921, 1060, 669, 787, 1120, 1021, 601, 513, 851, 579, 1085, 791, 819, 898, 821, 1066, 814, 1053, 869, 828, 953, 642, 1328, 634, 607, 732, 858, 584, 497, 766, 500, 1335, 589, 714, 557, 987, 649, 818, 830, 787, 557, 454, 918, 1117, 920, 1122, 376, 259, 260, 1390, 307, 802, 1234, 648, 614, 824, 915, 
427, 865, 858, 521, 889, 816, 666, 1129, 376, -1, 665, 1084, 466, 533, 351, 553, 645, 1030, 879, 595, 946, 859, 961, 857, 686, 875, 485, 682, 1319, 824, 809, 974, 830, 986, 930, 462, 720, 1185, 1070, 622, 583, 788, 468, 1006, 770, 692, 736, 794, 1051, 543, 927, 992, 625, 999, 505, 1163, 523, 496, 627, 728, 607, 294, 678, 435, 1198, 452, 747, 552, 987, 516, 719, 691, 515, 322, 219, 868, 966, 678, 1079, 542, 391, 441, 1329, 418, 937, 1145, 749, 507, 800, 754, 
962, 753, 880, 986, 890, 1082, 677, 1021, 583, 665, -1, 878, 840, 933, 777, 549, 919, 1191, 1088, 685, 1014, 1098, 738, 1061, 916, 1163, 501, 943, 1161, 609, 1121, 970, 863, 1046, 993, 585, 785, 1030, 1354, 679, 860, 511, 928, 831, 879, 1041, 754, 1014, 867, 649, 767, 1069, 1022, 1339, 875, 1360, 509, 740, 1076, 1040, 801, 540, 752, 548, 1065, 570, 917, 515, 1009, 852, 427, 708, 767, 628, 640, 1161, 1112, 753, 1214, 726, 622, 401, 1243, 753, 718, 1099, 477, 510, 1140, 926, 
1086, 524, 961, 1024, 700, 1155, 625, 590, 1105, 1084, 878, -1, 840, 1098, 972, 849, 1131, 649, 651, 739, 540, 794, 300, 654, 727, 854, 904, 899, 754, 674, 803, 585, 694, 658, 775, 720, 1090, 620, 1140, 591, 1022, 487, 958, 319, 623, 1124, 740, 740, 160, 894, 522, 899, 1218, 1286, 827, 921, 578, 692, 1002, 807, 731, 865, 845, 768, 436, 783, 961, 853, 564, 892, 695, 477, 883, 795, 1001, 876, 647, 906, 748, 1009, 1093, 1027, 667, 1116, 1014, 320, 591, 649, 928, 544, 
286, 817, 659, 518, 823, 814, 652, 900, 735, 466, 840, 840, -1, 336, 377, 642, 509, 687, 468, 505, 728, 650, 837, 618, 550, 453, 527, 694, 1096, 661, 574, 847, 760, 798, 594, 288, 691, 971, 930, 501, 758, 697, 439, 711, 527, 543, 467, 556, 793, 475, 648, 887, 528, 926, 286, 736, 403, 284, 477, 396, 504, 338, 510, 534, 884, 356, 657, 570, 714, 533, 649, 463, 444, 244, 372, 615, 541, 477, 753, 677, 657, 726, 976, 735, 968, 821, 796, 488, 661, 394, 
338, 1120, 587, 756, 1099, 950, 941, 1110, 856, 533, 933, 1098, 336, -1, 522, 791, 301, 972, 729, 701, 1043, 940, 1120, 952, 864, 618, 539, 981, 1269, 716, 895, 1160, 1037, 1081, 658, 437, 609, 1168, 1147, 768, 1010, 892, 701, 896, 777, 533, 498, 831, 1038, 499, 755, 1104, 380, 1071, 561, 847, 624, 574, 714, 644, 776, 430, 547, 769, 1089, 455, 777, 631, 956, 803, 713, 733, 601, 461, 406, 869, 743, 378, 979, 817, 725, 803, 1123, 919, 1021, 1101, 1041, 716, 956, 706, 
496, 809, 697, 349, 670, 502, 561, 864, 465, 351, 777, 972, 377, 522, -1, 394, 541, 952, 654, 725, 731, 584, 893, 713, 681, 623, 440, 534, 1049, 734, 654, 791, 607, 719, 700, 464, 574, 928, 751, 422, 638, 836, 348, 878, 488, 405, 610, 499, 898, 701, 837, 684, 454, 677, 252, 901, 511, 297, 377, 444, 354, 334, 468, 553, 1153, 355, 422, 435, 710, 595, 756, 678, 681, 368, 254, 563, 736, 680, 772, 333, 338, 499, 1087, 547, 773, 1030, 772, 591, 592, 634, 
825, 683, 692, 615, 511, 536, 451, 696, 410, 553, 549, 849, 642, 791, 394, -1, 713, 1083, 798, 809, 706, 678, 737, 819, 810, 831, 369, 597, 853, 601, 836, 692, 471, 651, 730, 544, 538, 729, 840, 339, 709, 732, 616, 786, 481, 619, 629, 587, 765, 803, 775, 569, 704, 798, 516, 1040, 492, 434, 669, 653, 380, 435, 453, 576, 1138, 385, 399, 270, 647, 760, 645, 711, 843, 530, 451, 716, 841, 764, 811, 217, 292, 312, 1018, 617, 462, 1023, 583, 591, 761, 757, 
607, 1190, 364, 852, 1080, 851, 986, 1014, 869, 645, 919, 1131, 509, 301, 541, 713, -1, 1149, 800, 892, 1083, 975, 1171, 1077, 1043, 659, 438, 1052, 1132, 617, 1035, 1191, 1024, 1067, 542, 531, 350, 1056, 1117, 772, 1135, 971, 828, 890, 750, 394, 425, 843, 1037, 671, 738, 1016, 237, 1003, 637, 828, 698, 635, 797, 688, 789, 487, 378, 898, 1192, 430, 639, 508, 909, 991, 709, 865, 832, 604, 448, 891, 770, 401, 944, 745, 666, 757, 1039, 1019, 816, 1196, 1092, 839, 1048, 839, 
821, 738, 1154, 860, 926, 1230, 783, 981, 1199, 1030, 1191, 649, 687, 972, 952, 1083, 1149, -1, 498, 642, 625, 729, 709, 413, 460, 695, 1092, 847, 1187, 1014, 484, 760, 891, 818, 926, 768, 1282, 1057, 1102, 765, 931, 765, 772, 726, 758, 1119, 901, 729, 701, 865, 822, 1099, 1180, 1260, 724, 839, 715, 689, 808, 685, 794, 917, 1027, 779, 563, 907, 1108, 1090, 791, 669, 980, 488, 693, 747, 1008, 772, 601, 970, 804, 1151, 1213, 1226, 972, 1076, 1404, 386, 885, 712, 731, 345, 
708, 780, 775, 663, 708, 838, 679, 643, 1028, 879, 1088, 651, 468, 729, 654, 798, 800, 498, -1, 757, 471, 445, 750, 443, 614, 242, 813, 720, 838, 758, 451, 664, 663, 548, 505, 603, 902, 730, 754, 512, 935, 809, 620, 574, 372, 685, 592, 367, 581, 837, 642, 734, 801, 867, 426, 423, 602, 423, 534, 264, 514, 712, 638, 785, 746, 632, 680, 783, 421, 744, 854, 538, 777, 617, 770, 401, 178, 760, 378, 843, 942, 1016, 658, 1008, 1051, 550, 887, 717, 574, 281, 
561, 665, 962, 785, 941, 1171, 649, 1085, 798, 595, 685, 739, 505, 701, 725, 809, 892, 642, 757, -1, 837, 911, 664, 686, 441, 869, 712, 815, 1290, 755, 727, 884, 893, 983, 924, 394, 1000, 1141, 1271, 655, 706, 394, 669, 726, 802, 1011, 706, 857, 786, 330, 685, 1153, 978, 1321, 657, 1103, 359, 559, 838, 796, 735, 505, 835, 340, 700, 589, 1020, 766, 944, 438, 557, 287, 176, 364, 625, 961, 832, 637, 1064, 916, 856, 787, 1172, 728, 1152, 742, 579, 240, 880, 498, 
955, 451, 1017, 641, 339, 777, 406, 525, 926, 946, 1014, 540, 728, 1043, 731, 706, 1083, 625, 471, 837, -1, 298, 494, 314, 560, 668, 907, 480, 747, 881, 423, 203, 323, 214, 793, 765, 1057, 606, 643, 394, 748, 781, 622, 667, 366, 903, 840, 326, 495, 1020, 821, 526, 1060, 837, 545, 816, 644, 497, 605, 501, 395, 824, 807, 716, 848, 762, 704, 831, 357, 706, 941, 595, 912, 731, 889, 433, 578, 1033, 458, 752, 916, 953, 798, 882, 1000, 540, 663, 703, 446, 467, 
845, 658, 981, 445, 410, 568, 501, 633, 865, 859, 1098, 794, 650, 940, 584, 678, 975, 729, 445, 911, 298, -1, 748, 376, 611, 551, 880, 391, 842, 951, 351, 420, 369, 282, 773, 777, 981, 722, 396, 427, 718, 947, 470, 832, 338, 716, 847, 148, 722, 1046, 933, 441, 892, 572, 398, 749, 714, 445, 361, 332, 312, 787, 756, 764, 1049, 736, 564, 810, 422, 694, 1032, 716, 931, 706, 800, 169, 578, 1029, 406, 643, 820, 930, 897, 820, 1002, 765, 826, 785, 248, 527, 
1049, 249, 1059, 904, 564, 1082, 420, 687, 916, 961, 738, 300, 837, 1120, 893, 737, 1171, 709, 750, 664, 494, 748, -1, 590, 601, 955, 867, 723, 876, 758, 740, 444, 562, 622, 921, 706, 1107, 721, 1096, 506, 792, 427, 839, 539, 637, 1139, 837, 723, 376, 875, 689, 852, 1230, 1236, 780, 1096, 519, 642, 937, 831, 636, 800, 887, 587, 640, 763, 941, 813, 644, 732, 707, 455, 814, 723, 927, 870, 804, 973, 846, 885, 965, 878, 910, 899, 987, 493, 336, 521, 829, 582, 
779, 504, 1097, 544, 574, 896, 475, 800, 927, 857, 1061, 654, 618, 952, 713, 819, 1077, 413, 443, 686, 314, 376, 590, -1, 315, 643, 953, 456, 1027, 975, 170, 427, 536, 497, 885, 719, 1141, 884, 756, 502, 633, 773, 487, 766, 520, 937, 881, 426, 659, 913, 881, 764, 1049, 928, 489, 854, 625, 478, 520, 487, 472, 789, 895, 621, 815, 781, 843, 917, 592, 496, 969, 506, 730, 637, 848, 480, 605, 1004, 625, 842, 954, 1000, 976, 799, 1190, 534, 709, 627, 353, 337, 
632, 490, 1118, 544, 720, 1008, 475, 990, 803, 686, 916, 727, 550, 864, 681, 810, 1043, 460, 614, 441, 560, 611, 601, 315, -1, 778, 883, 503, 1220, 959, 349, 607, 674, 734, 980, 607, 1134, 1066, 979, 555, 478, 639, 439, 821, 672, 992, 876, 626, 767, 715, 881, 954, 1039, 1091, 520, 1032, 518, 483, 597, 629, 556, 668, 922, 397, 810, 724, 944, 884, 802, 229, 862, 391, 475, 486, 738, 700, 763, 916, 876, 848, 885, 891, 1157, 631, 1224, 644, 601, 431, 517, 380, 
666, 976, 678, 689, 841, 794, 828, 740, 1060, 875, 1163, 854, 453, 618, 623, 831, 659, 695, 242, 869, 668, 551, 955, 643, 778, -1, 793, 829, 903, 782, 600, 853, 790, 688, 432, 640, 808, 820, 759, 622, 1044, 955, 666, 705, 457, 526, 563, 451, 763, 868, 710, 782, 635, 803, 442, 311, 702, 490, 528, 255, 597, 717, 577, 898, 921, 629, 630, 776, 535, 857, 912, 698, 850, 661, 737, 436, 248, 716, 436, 846, 928, 1039, 712, 1073, 1045, 778, 1047, 837, 671, 469, 
687, 880, 453, 765, 821, 769, 688, 847, 561, 485, 501, 904, 527, 539, 440, 369, 438, 1092, 813, 712, 907, 880, 867, 953, 883, 793, -1, 851, 984, 406, 959, 949, 773, 895, 613, 360, 324, 876, 1078, 522, 894, 675, 730, 731, 619, 567, 400, 757, 826, 561, 614, 854, 536, 1007, 578, 991, 431, 488, 786, 709, 598, 257, 307, 617, 1067, 190, 549, 135, 787, 822, 426, 675, 718, 438, 304, 871, 813, 442, 927, 498, 398, 373, 1011, 768, 536, 1059, 720, 564, 956, 759, 
809, 527, 1120, 309, 416, 623, 342, 867, 602, 682, 943, 899, 694, 981, 534, 597, 1052, 847, 720, 815, 480, 391, 723, 456, 503, 829, 851, -1, 1082, 1028, 430, 448, 372, 513, 1004, 768, 1038, 940, 615, 446, 355, 890, 329, 983, 555, 847, 967, 450, 870, 989, 1057, 605, 967, 710, 456, 1085, 674, 478, 420, 579, 328, 717, 866, 557, 1162, 742, 686, 799, 703, 483, 1016, 715, 830, 631, 717, 513, 867, 1084, 774, 535, 669, 751, 1194, 480, 1026, 918, 657, 661, 284, 648, 
1378, 985, 860, 1171, 717, 918, 912, 231, 1253, 1319, 1161, 754, 1096, 1269, 1049, 853, 1132, 1187, 838, 1290, 747, 842, 876, 1027, 1220, 903, 984, 1082, -1, 790, 1107, 798, 733, 622, 681, 1037, 954, 162, 933, 755, 1352, 1065, 1178, 692, 625, 983, 851, 759, 606, 1317, 815, 607, 1162, 1026, 974, 843, 967, 900, 1094, 871, 826, 1091, 775, 1202, 1091, 933, 728, 869, 455, 1327, 1025, 1031, 1378, 1123, 1157, 851, 762, 1128, 582, 957, 1120, 1138, 465, 1382, 740, 929, 1038, 1127, 1082, 966, 
894, 883, 384, 1003, 875, 989, 780, 689, 899, 824, 609, 674, 661, 716, 734, 601, 617, 1014, 758, 755, 881, 951, 758, 975, 959, 782, 406, 1028, 790, -1, 1034, 946, 842, 887, 459, 448, 513, 697, 1199, 594, 1118, 564, 951, 423, 626, 768, 264, 817, 587, 632, 278, 920, 781, 1196, 745, 874, 466, 614, 979, 780, 734, 533, 377, 775, 810, 396, 707, 395, 691, 990, 294, 623, 824, 623, 650, 948, 688, 422, 859, 786, 769, 702, 724, 1062, 595, 868, 746, 641, 1091, 722, 
698, 633, 1104, 437, 638, 842, 548, 882, 909, 809, 1121, 803, 574, 895, 654, 836, 1035, 484, 451, 727, 423, 351, 740, 170, 349, 600, 959, 430, 1107, 1034, -1, 540, 592, 560, 903, 736, 1129, 971, 694, 550, 614, 877, 390, 872, 549, 869, 905, 413, 792, 927, 957, 779, 976, 844, 427, 842, 679, 473, 396, 431, 473, 780, 898, 653, 937, 787, 821, 932, 656, 473, 1033, 590, 730, 627, 810, 419, 629, 1011, 644, 820, 926, 1006, 1053, 766, 1225, 677, 811, 682, 252, 391, 
1058, 343, 1122, 691, 248, 807, 339, 590, 881, 974, 970, 585, 847, 1160, 791, 692, 1191, 760, 664, 884, 203, 420, 444, 427, 607, 853, 949, 448, 798, 946, 540, -1, 261, 279, 935, 842, 1124, 652, 709, 434, 690, 791, 678, 762, 487, 1013, 950, 464, 562, 1088, 919, 539, 1167, 896, 651, 1009, 691, 589, 705, 662, 444, 876, 897, 705, 942, 830, 768, 863, 488, 727, 979, 667, 974, 795, 942, 578, 766, 1135, 627, 742, 910, 921, 932, 834, 994, 649, 579, 720, 517, 613, 
974, 458, 968, 571, 65, 568, 285, 531, 701, 830, 863, 694, 760, 1037, 607, 471, 1024, 891, 663, 893, 323, 369, 562, 536, 674, 790, 773, 372, 733, 842, 592, 261, -1, 249, 830, 754, 919, 591, 587, 297, 650, 809, 585, 775, 364, 817, 842, 366, 624, 1030, 886, 343, 979, 709, 530, 970, 630, 478, 593, 572, 273, 737, 724, 665, 1054, 682, 537, 674, 436, 727, 904, 700, 958, 705, 776, 496, 752, 1034, 588, 497, 689, 732, 926, 723, 783, 805, 582, 694, 493, 649, 
1035, 580, 979, 664, 251, 634, 471, 418, 921, 986, 1046, 658, 798, 1081, 719, 651, 1067, 818, 548, 983, 214, 282, 622, 497, 734, 688, 895, 513, 622, 887, 560, 279, 249, -1, 766, 835, 993, 496, 508, 408, 829, 901, 679, 735, 323, 834, 855, 291, 570, 1120, 878, 324, 1022, 695, 574, 811, 730, 545, 614, 512, 381, 860, 763, 824, 1004, 776, 580, 796, 283, 840, 997, 744, 1047, 810, 905, 392, 623, 1079, 385, 674, 873, 936, 772, 927, 891, 713, 753, 820, 493, 617, 
852, 1015, 330, 918, 869, 847, 872, 583, 1060, 930, 993, 775, 594, 658, 700, 730, 542, 926, 505, 924, 793, 773, 921, 885, 980, 432, 613, 1004, 681, 459, 903, 935, 830, 766, -1, 590, 557, 625, 958, 623, 1198, 859, 892, 512, 482, 544, 299, 629, 645, 833, 455, 789, 631, 961, 631, 444, 654, 580, 808, 533, 686, 676, 337, 951, 887, 517, 569, 581, 511, 1045, 694, 736, 947, 715, 732, 699, 379, 549, 549, 824, 882, 936, 498, 1177, 759, 842, 999, 844, 950, 645, 
477, 732, 581, 679, 809, 899, 598, 854, 669, 462, 585, 720, 288, 437, 464, 544, 531, 768, 603, 394, 765, 777, 706, 719, 607, 640, 360, 768, 1037, 448, 736, 842, 754, 835, 590, -1, 613, 905, 1078, 460, 783, 468, 596, 574, 562, 665, 350, 669, 683, 308, 474, 920, 636, 1076, 454, 867, 195, 339, 687, 581, 549, 205, 448, 434, 785, 213, 694, 419, 728, 590, 366, 362, 408, 195, 348, 781, 632, 340, 849, 663, 606, 581, 945, 734, 827, 794, 623, 323, 821, 466, 
851, 1133, 306, 915, 962, 744, 923, 873, 787, 720, 785, 1090, 691, 609, 574, 538, 350, 1282, 902, 1000, 1057, 981, 1107, 1141, 1134, 808, 324, 1038, 954, 513, 1129, 1124, 919, 993, 557, 613, -1, 892, 1085, 710, 1148, 956, 911, 864, 707, 456, 464, 844, 976, 813, 737, 875, 433, 962, 716, 943, 710, 674, 887, 777, 752, 532, 276, 922, 1256, 424, 503, 325, 843, 1086, 666, 929, 988, 700, 512, 926, 861, 554, 936, 604, 550, 609, 990, 1016, 486, 1238, 1008, 869, 1096, 944, 
1252, 825, 809, 1040, 578, 843, 754, 93, 1120, 1185, 1030, 620, 971, 1168, 928, 729, 1056, 1057, 730, 1141, 606, 722, 721, 884, 1066, 820, 876, 940, 162, 697, 971, 652, 591, 496, 625, 905, 892, -1, 865, 604, 1198, 919, 1040, 581, 495, 915, 759, 639, 472, 1187, 717, 525, 1088, 969, 846, 809, 820, 760, 976, 762, 686, 961, 690, 1045, 980, 812, 649, 761, 334, 1172, 906, 881, 1232, 982, 1035, 751, 675, 1030, 514, 843, 1005, 1014, 472, 1234, 689, 806, 880, 972, 955, 828, 
1091, 992, 1136, 622, 606, 444, 805, 792, 1021, 1070, 1354, 1140, 930, 1147, 751, 840, 1117, 1102, 754, 1271, 643, 396, 1096, 756, 979, 759, 1078, 615, 933, 1199, 694, 709, 587, 508, 958, 1078, 1085, 865, -1, 722, 957, 1303, 710, 1147, 601, 757, 1091, 449, 1041, 1360, 1233, 418, 971, 281, 659, 899, 1043, 748, 529, 579, 580, 1038, 923, 1085, 1421, 977, 594, 994, 647, 1014, 1328, 1094, 1269, 1005, 1001, 362, 847, 1287, 555, 725, 935, 1101, 1083, 1016, 1080, 1133, 1142, 1129, 494, 903, 
738, 467, 732, 510, 351, 609, 257, 540, 601, 622, 679, 591, 501, 768, 422, 339, 772, 765, 512, 655, 394, 427, 506, 502, 555, 622, 522, 446, 755, 594, 550, 434, 297, 408, 623, 460, 710, 604, 722, -1, 632, 596, 480, 581, 238, 654, 568, 340, 517, 746, 639, 503, 771, 784, 345, 834, 353, 224, 520, 433, 173, 466, 491, 480, 879, 400, 461, 448, 409, 593, 638, 469, 713, 438, 534, 497, 585, 740, 576, 436, 553, 577, 830, 655, 694, 707, 489, 462, 538, 455, 
779, 574, 1254, 460, 690, 883, 461, 1134, 513, 583, 860, 1022, 758, 1010, 638, 709, 1135, 931, 935, 706, 748, 718, 792, 633, 478, 1044, 894, 355, 1352, 1118, 614, 690, 650, 829, 1198, 783, 1148, 1198, 957, 632, -1, 853, 421, 1115, 813, 1030, 1076, 753, 1033, 905, 1153, 925, 1078, 1006, 628, 1328, 691, 621, 636, 819, 575, 712, 1015, 419, 1219, 809, 925, 883, 983, 336, 1010, 731, 707, 612, 716, 825, 1082, 1112, 1082, 673, 694, 712, 1434, 247, 1166, 1046, 612, 586, 568, 768, 
866, 546, 896, 954, 838, 1183, 593, 890, 851, 788, 511, 487, 697, 892, 836, 732, 971, 765, 809, 394, 781, 947, 427, 773, 639, 955, 675, 890, 1065, 564, 877, 791, 809, 901, 859, 468, 956, 919, 1303, 596, 853, -1, 861, 502, 752, 1082, 651, 875, 544, 519, 504, 1068, 1091, 1372, 782, 1121, 329, 626, 996, 882, 745, 595, 783, 468, 571, 594, 988, 685, 831, 697, 372, 319, 556, 543, 751, 1020, 834, 676, 1020, 910, 886, 755, 998, 875, 965, 647, 390, 314, 999, 590, 
494, 695, 980, 121, 647, 653, 495, 961, 579, 468, 928, 958, 439, 701, 348, 616, 828, 772, 620, 669, 622, 470, 839, 487, 439, 666, 730, 329, 1178, 951, 390, 678, 585, 679, 892, 596, 911, 1040, 710, 480, 421, 861, -1, 957, 562, 674, 823, 469, 923, 784, 972, 756, 737, 732, 263, 966, 583, 351, 241, 449, 366, 538, 751, 491, 1117, 598, 662, 723, 761, 354, 923, 632, 622, 429, 509, 501, 769, 881, 792, 549, 599, 715, 1190, 457, 1053, 935, 753, 578, 343, 541, 
975, 730, 681, 1021, 797, 1095, 725, 555, 1085, 1006, 831, 319, 711, 896, 878, 786, 890, 726, 574, 726, 667, 832, 539, 766, 821, 705, 731, 983, 692, 423, 872, 762, 775, 735, 512, 574, 864, 581, 1147, 581, 1115, 502, 957, -1, 564, 944, 472, 728, 247, 760, 226, 902, 1014, 1239, 762, 743, 508, 627, 971, 725, 728, 737, 627, 801, 463, 618, 843, 695, 531, 948, 525, 482, 838, 712, 871, 857, 501, 658, 696, 956, 1010, 959, 503, 1152, 877, 482, 714, 652, 989, 531, 
792, 637, 674, 569, 410, 562, 461, 413, 791, 770, 879, 623, 527, 777, 488, 481, 750, 758, 372, 802, 366, 338, 637, 520, 672, 457, 619, 555, 625, 626, 549, 487, 364, 323, 482, 562, 707, 495, 601, 238, 813, 752, 562, 564, -1, 567, 547, 204, 510, 863, 638, 414, 731, 682, 354, 628, 510, 301, 495, 299, 254, 594, 457, 690, 895, 484, 383, 537, 223, 745, 755, 580, 845, 571, 642, 349, 420, 770, 348, 537, 686, 758, 666, 847, 728, 693, 707, 651, 534, 457, 
684, 1112, 533, 647, 871, 509, 874, 858, 819, 692, 1041, 1124, 543, 533, 405, 619, 394, 1119, 685, 1011, 903, 716, 1139, 937, 992, 526, 567, 847, 983, 768, 869, 1013, 817, 834, 544, 665, 456, 915, 757, 654, 1030, 1082, 674, 944, 567, -1, 587, 599, 1008, 906, 878, 725, 235, 617, 479, 717, 766, 546, 552, 480, 598, 593, 398, 922, 1281, 516, 360, 552, 729, 955, 910, 917, 962, 666, 517, 606, 692, 705, 710, 563, 601, 778, 982, 946, 774, 1171, 1091, 908, 807, 804, 
702, 927, 278, 875, 888, 909, 790, 723, 898, 736, 754, 740, 467, 498, 610, 629, 425, 901, 592, 706, 840, 847, 837, 881, 876, 563, 400, 967, 851, 264, 905, 950, 842, 855, 299, 350, 464, 759, 1091, 568, 1076, 651, 823, 472, 547, 587, -1, 707, 648, 561, 317, 896, 587, 1076, 593, 681, 451, 500, 818, 603, 667, 453, 271, 759, 812, 311, 632, 419, 648, 904, 424, 581, 729, 519, 544, 808, 522, 279, 751, 760, 746, 749, 707, 1025, 717, 842, 840, 636, 974, 598, 
781, 667, 833, 456, 415, 524, 487, 550, 821, 794, 1014, 740, 556, 831, 499, 587, 843, 729, 367, 857, 326, 148, 723, 426, 626, 451, 757, 450, 759, 817, 413, 464, 366, 291, 629, 669, 844, 639, 449, 340, 753, 875, 469, 728, 204, 599, 707, -1, 650, 954, 811, 411, 776, 572, 317, 655, 623, 347, 356, 231, 246, 684, 612, 726, 990, 612, 451, 687, 331, 700, 918, 654, 877, 625, 703, 163, 477, 901, 339, 575, 742, 850, 797, 819, 889, 740, 792, 725, 354, 472, 
1060, 570, 844, 977, 631, 1042, 607, 441, 1066, 1051, 867, 160, 793, 1038, 898, 765, 1037, 701, 581, 786, 495, 722, 376, 659, 767, 763, 826, 870, 606, 587, 792, 562, 624, 570, 645, 683, 976, 472, 1041, 517, 1033, 544, 923, 247, 510, 1008, 648, 650, -1, 899, 462, 782, 1118, 1175, 761, 813, 560, 630, 939, 721, 657, 817, 727, 788, 530, 709, 834, 760, 430, 916, 671, 511, 913, 771, 942, 787, 554, 852, 627, 923, 1021, 975, 538, 1108, 895, 397, 627, 672, 889, 534, 
506, 907, 775, 885, 1083, 1178, 825, 1141, 814, 543, 649, 894, 475, 499, 701, 803, 671, 865, 837, 330, 1020, 1046, 875, 913, 715, 868, 561, 989, 1317, 632, 927, 1088, 1030, 1120, 833, 308, 813, 1187, 1360, 746, 905, 519, 784, 760, 863, 906, 561, 954, 899, -1, 622, 1224, 810, 1351, 708, 1085, 416, 619, 915, 844, 830, 402, 713, 524, 832, 485, 988, 661, 1020, 667, 432, 486, 302, 373, 513, 1053, 864, 381, 1132, 916, 800, 734, 1177, 841, 1064, 939, 760, 415, 1047, 652, 
890, 854, 533, 1041, 919, 1116, 809, 695, 1053, 927, 767, 522, 648, 755, 837, 775, 738, 822, 642, 685, 821, 933, 689, 881, 881, 710, 614, 1057, 815, 278, 957, 919, 886, 878, 455, 474, 737, 717, 1233, 639, 1153, 504, 972, 226, 638, 878, 317, 811, 462, 622, -1, 997, 900, 1279, 765, 767, 477, 634, 994, 756, 782, 641, 537, 797, 555, 524, 843, 613, 663, 965, 384, 510, 774, 652, 776, 933, 556, 460, 807, 948, 955, 899, 611, 1148, 841, 658, 776, 635, 1072, 592, 
1111, 795, 932, 700, 342, 398, 611, 473, 869, 992, 1069, 899, 887, 1104, 684, 569, 1016, 1099, 734, 1153, 526, 441, 852, 764, 954, 782, 854, 605, 607, 920, 779, 539, 343, 324, 789, 920, 875, 525, 418, 503, 925, 1068, 756, 902, 414, 725, 896, 411, 782, 1224, 997, -1, 936, 503, 640, 900, 850, 637, 657, 601, 442, 885, 712, 947, 1255, 789, 401, 737, 427, 997, 1069, 948, 1195, 898, 888, 476, 781, 1127, 498, 537, 767, 871, 876, 953, 726, 1005, 891, 962, 631, 840, 
595, 1208, 526, 733, 1038, 700, 976, 1036, 828, 625, 1022, 1218, 528, 380, 454, 704, 237, 1180, 801, 978, 1060, 892, 1230, 1049, 1039, 635, 536, 967, 1162, 781, 976, 1167, 979, 1022, 631, 636, 433, 1088, 971, 771, 1078, 1091, 737, 1014, 731, 235, 587, 776, 1118, 810, 900, 936, -1, 822, 572, 836, 782, 626, 668, 623, 736, 548, 456, 928, 1318, 513, 555, 576, 908, 971, 878, 944, 901, 644, 453, 791, 804, 607, 906, 665, 615, 773, 1116, 960, 858, 1262, 1145, 908, 945, 871, 
1055, 1130, 1067, 627, 739, 286, 899, 906, 953, 999, 1339, 1286, 926, 1071, 677, 798, 1003, 1260, 867, 1321, 837, 572, 1236, 928, 1091, 803, 1007, 710, 1026, 1196, 844, 896, 709, 695, 961, 1076, 962, 969, 281, 784, 1006, 1372, 732, 1239, 682, 617, 1076, 572, 1175, 1351, 1279, 503, 822, -1, 674, 963, 1078, 780, 546, 636, 638, 994, 865, 1122, 1554, 941, 509, 932, 778, 1074, 1330, 1180, 1294, 1003, 920, 498, 941, 1249, 703, 640, 825, 1027, 1187, 998, 1007, 1308, 1220, 1174, 639, 1013, 
477, 708, 741, 297, 595, 573, 494, 767, 642, 505, 875, 827, 286, 561, 252, 516, 637, 724, 426, 657, 545, 398, 780, 489, 520, 442, 578, 456, 974, 745, 427, 651, 530, 574, 631, 454, 716, 846, 659, 345, 628, 782, 263, 762, 354, 479, 593, 317, 761, 708, 765, 640, 572, 674, -1, 736, 471, 164, 241, 233, 263, 433, 519, 542, 991, 421, 479, 560, 565, 511, 780, 548, 631, 361, 428, 377, 543, 700, 597, 495, 566, 684, 954, 634, 890, 826, 747, 554, 420, 419, 
953, 1167, 743, 983, 1007, 980, 1051, 743, 1328, 1163, 1360, 921, 736, 847, 901, 1040, 828, 839, 423, 1103, 816, 749, 1096, 854, 1032, 311, 991, 1085, 843, 874, 842, 1009, 970, 811, 444, 867, 943, 809, 899, 834, 1328, 1121, 966, 743, 628, 717, 681, 655, 813, 1085, 767, 900, 836, 963, 736, -1, 921, 756, 813, 528, 836, 969, 722, 1161, 963, 848, 793, 961, 598, 1143, 1061, 898, 1106, 933, 1003, 634, 303, 868, 454, 1076, 1175, 1273, 552, 1365, 1146, 838, 1248, 1075, 916, 680, 
604, 546, 689, 668, 678, 893, 442, 771, 634, 523, 509, 578, 403, 624, 511, 492, 698, 715, 602, 359, 644, 714, 519, 625, 518, 702, 431, 674, 967, 466, 679, 691, 630, 730, 654, 195, 710, 820, 1043, 353, 691, 329, 583, 508, 510, 766, 451, 623, 560, 416, 477, 850, 782, 1078, 471, 921, -1, 318, 698, 600, 478, 303, 521, 327, 716, 299, 703, 443, 659, 531, 364, 254, 442, 250, 451, 759, 649, 507, 818, 637, 618, 558, 921, 679, 805, 689, 437, 195, 764, 423, 
522, 598, 682, 408, 541, 636, 397, 688, 607, 496, 740, 692, 284, 574, 297, 434, 635, 689, 423, 559, 497, 445, 642, 478, 483, 490, 488, 478, 900, 614, 473, 589, 478, 545, 580, 339, 674, 760, 748, 224, 621, 626, 351, 627, 301, 546, 500, 347, 630, 619, 634, 637, 626, 780, 164, 756, 318, -1, 394, 312, 232, 351, 456, 445, 874, 319, 489, 464, 509, 495, 635, 420, 569, 281, 404, 462, 518, 621, 603, 483, 543, 607, 883, 626, 806, 732, 608, 424, 502, 356, 
575, 822, 936, 194, 653, 537, 611, 891, 732, 627, 1076, 1002, 477, 714, 377, 669, 797, 808, 534, 838, 605, 361, 937, 520, 597, 528, 786, 420, 1094, 979, 396, 705, 593, 614, 808, 687, 887, 976, 529, 520, 636, 996, 241, 971, 495, 552, 818, 356, 939, 915, 994, 657, 668, 546, 241, 813, 698, 394, -1, 308, 374, 643, 716, 697, 1172, 649, 564, 762, 677, 575, 1019, 744, 790, 565, 598, 319, 675, 921, 643, 575, 677, 836, 1099, 668, 1048, 960, 911, 749, 294, 573, 
616, 798, 733, 458, 628, 603, 618, 675, 858, 728, 1040, 807, 396, 644, 444, 653, 688, 685, 264, 796, 501, 332, 831, 487, 629, 255, 709, 579, 871, 780, 431, 662, 572, 512, 533, 581, 777, 762, 579, 433, 819, 882, 449, 725, 299, 480, 603, 231, 721, 844, 756, 601, 623, 636, 233, 528, 600, 312, 308, -1, 363, 611, 545, 735, 963, 545, 487, 674, 449, 687, 878, 626, 783, 546, 619, 239, 374, 764, 402, 641, 752, 874, 804, 856, 946, 767, 883, 714, 444, 411, 
711, 543, 803, 366, 338, 488, 302, 613, 584, 607, 801, 731, 504, 776, 354, 380, 789, 794, 514, 735, 395, 312, 636, 472, 556, 597, 598, 328, 826, 734, 473, 444, 273, 381, 686, 549, 752, 686, 580, 173, 575, 745, 366, 728, 254, 598, 667, 246, 657, 830, 782, 442, 736, 638, 263, 836, 478, 232, 374, 363, -1, 518, 551, 533, 1003, 477, 414, 529, 448, 571, 784, 576, 761, 478, 539, 378, 619, 828, 554, 382, 534, 620, 916, 605, 767, 797, 607, 560, 399, 498, 
463, 776, 606, 602, 795, 793, 591, 912, 497, 294, 540, 865, 338, 430, 334, 435, 487, 917, 712, 505, 824, 787, 800, 789, 668, 717, 257, 717, 1091, 533, 780, 876, 737, 860, 676, 205, 532, 961, 1038, 466, 712, 595, 538, 737, 594, 593, 453, 684, 817, 402, 641, 885, 548, 994, 433, 969, 303, 351, 643, 611, 518, -1, 436, 422, 982, 175, 621, 332, 792, 587, 461, 518, 483, 194, 159, 789, 758, 435, 910, 520, 417, 417, 1069, 606, 757, 959, 646, 387, 809, 602, 
740, 928, 260, 769, 770, 671, 732, 654, 766, 678, 752, 845, 510, 547, 468, 453, 378, 1027, 638, 835, 807, 756, 887, 895, 922, 577, 307, 866, 775, 377, 898, 897, 724, 763, 337, 448, 276, 690, 923, 491, 1015, 783, 751, 627, 457, 398, 271, 612, 727, 713, 537, 712, 456, 865, 519, 722, 521, 456, 716, 545, 551, 436, -1, 776, 1020, 272, 387, 267, 590, 919, 563, 707, 844, 548, 466, 708, 597, 471, 690, 550, 565, 622, 767, 938, 526, 972, 849, 704, 893, 690, 
612, 486, 974, 585, 712, 946, 398, 991, 500, 435, 548, 768, 534, 769, 553, 576, 898, 779, 785, 340, 716, 764, 587, 621, 397, 898, 617, 557, 1202, 775, 653, 705, 665, 824, 951, 434, 922, 1045, 1085, 480, 419, 468, 491, 801, 690, 922, 759, 726, 788, 524, 797, 947, 928, 1122, 542, 1161, 327, 445, 697, 735, 533, 422, 776, -1, 906, 523, 851, 636, 860, 306, 614, 400, 393, 314, 509, 844, 888, 759, 1003, 657, 615, 547, 1208, 423, 986, 838, 382, 177, 715, 561, 
1075, 829, 1065, 1210, 1076, 1446, 930, 943, 1335, 1198, 1065, 436, 884, 1089, 1153, 1138, 1192, 563, 746, 700, 848, 1049, 640, 815, 810, 921, 1067, 1162, 1091, 810, 937, 942, 1054, 1004, 887, 785, 1256, 980, 1421, 879, 1219, 571, 1117, 463, 895, 1281, 812, 990, 530, 832, 555, 1255, 1318, 1554, 991, 963, 716, 874, 1172, 963, 1003, 982, 1020, 906, -1, 929, 1232, 1067, 870, 982, 767, 525, 828, 882, 1126, 1094, 720, 879, 980, 1293, 1324, 1256, 822, 1310, 1315, 360, 858, 754, 1138, 602, 
562, 775, 459, 647, 736, 736, 587, 767, 589, 452, 570, 783, 356, 455, 355, 385, 430, 907, 632, 589, 762, 736, 763, 781, 724, 629, 190, 742, 933, 396, 787, 830, 682, 776, 517, 213, 424, 812, 977, 400, 809, 594, 598, 618, 484, 516, 311, 612, 709, 485, 524, 789, 513, 941, 421, 848, 299, 319, 649, 545, 477, 175, 272, 523, 929, -1, 513, 225, 664, 691, 418, 520, 596, 297, 269, 726, 647, 389, 790, 503, 456, 467, 911, 726, 640, 899, 663, 456, 811, 572, 
865, 907, 609, 620, 577, 299, 668, 601, 714, 747, 917, 961, 657, 777, 422, 399, 639, 1108, 680, 1020, 704, 564, 941, 843, 944, 630, 549, 686, 728, 707, 821, 768, 537, 580, 569, 694, 503, 649, 594, 461, 925, 988, 662, 843, 383, 360, 632, 451, 834, 988, 843, 401, 555, 509, 479, 793, 703, 489, 564, 487, 414, 621, 387, 851, 1232, 513, -1, 454, 521, 933, 869, 869, 1024, 694, 590, 516, 698, 830, 580, 358, 516, 663, 876, 868, 547, 1070, 903, 848, 712, 784, 
762, 825, 458, 746, 717, 685, 626, 736, 557, 552, 515, 853, 570, 631, 435, 270, 508, 1090, 783, 766, 831, 810, 813, 917, 884, 776, 135, 799, 869, 395, 932, 863, 674, 796, 581, 419, 325, 761, 994, 448, 883, 685, 723, 695, 537, 552, 419, 687, 760, 661, 613, 737, 576, 932, 560, 961, 443, 464, 762, 674, 529, 332, 267, 636, 1067, 225, 454, -1, 694, 841, 471, 685, 790, 488, 376, 809, 782, 534, 848, 423, 382, 369, 943, 773, 427, 1026, 684, 590, 910, 751, 
988, 694, 760, 766, 453, 695, 586, 241, 987, 987, 1009, 564, 714, 956, 710, 647, 909, 791, 421, 944, 357, 422, 644, 592, 802, 535, 787, 703, 455, 691, 656, 488, 436, 283, 511, 728, 843, 334, 647, 409, 983, 831, 761, 531, 223, 729, 648, 331, 430, 1020, 663, 427, 908, 778, 565, 598, 659, 509, 677, 449, 448, 792, 590, 860, 870, 664, 521, 694, -1, 917, 858, 683, 1010, 766, 854, 440, 417, 902, 245, 719, 885, 937, 508, 1042, 794, 639, 801, 802, 657, 551, 
538, 587, 1123, 464, 778, 970, 505, 1100, 649, 516, 852, 892, 533, 803, 595, 760, 991, 669, 744, 438, 706, 694, 732, 496, 229, 857, 822, 483, 1327, 990, 473, 727, 727, 840, 1045, 590, 1086, 1172, 1014, 593, 336, 697, 354, 948, 745, 955, 904, 700, 916, 667, 965, 997, 971, 1074, 511, 1143, 531, 495, 575, 687, 571, 587, 919, 306, 982, 691, 933, 841, 917, -1, 865, 498, 416, 419, 625, 769, 890, 903, 996, 770, 762, 775, 1298, 442, 1203, 854, 620, 414, 561, 531, 
822, 814, 608, 999, 940, 1112, 747, 890, 818, 719, 427, 695, 649, 713, 756, 645, 709, 980, 854, 557, 941, 1032, 707, 969, 862, 912, 426, 1016, 1025, 294, 1033, 979, 904, 997, 694, 366, 666, 906, 1328, 638, 1010, 372, 923, 525, 755, 910, 424, 918, 671, 432, 384, 1069, 878, 1330, 780, 1061, 364, 635, 1019, 878, 784, 461, 563, 614, 767, 418, 869, 471, 858, 865, -1, 520, 642, 528, 607, 1057, 830, 412, 1036, 834, 761, 635, 955, 947, 759, 877, 618, 469, 1116, 718, 
648, 510, 851, 733, 743, 1042, 504, 823, 830, 691, 708, 477, 463, 733, 678, 711, 865, 488, 538, 287, 595, 716, 455, 506, 391, 698, 675, 715, 1031, 623, 590, 667, 700, 744, 736, 362, 929, 881, 1094, 469, 731, 319, 632, 482, 580, 917, 581, 654, 511, 486, 510, 948, 944, 1180, 548, 898, 254, 420, 744, 626, 576, 518, 707, 400, 525, 520, 869, 685, 683, 498, 520, -1, 409, 384, 653, 775, 604, 629, 816, 836, 845, 797, 911, 792, 1024, 491, 497, 263, 749, 283, 
418, 787, 968, 738, 1013, 1158, 727, 1171, 787, 515, 767, 883, 444, 601, 681, 843, 832, 693, 777, 176, 912, 931, 814, 730, 475, 850, 718, 830, 1378, 824, 730, 974, 958, 1047, 947, 408, 988, 1232, 1269, 713, 707, 556, 622, 838, 845, 962, 729, 877, 913, 302, 774, 1195, 901, 1294, 631, 1106, 442, 569, 790, 783, 761, 483, 844, 393, 828, 596, 1024, 790, 1010, 416, 642, 409, -1, 335, 569, 961, 861, 622, 1101, 918, 836, 801, 1250, 703, 1202, 859, 710, 347, 874, 543, 
372, 683, 725, 522, 764, 839, 524, 921, 557, 322, 628, 795, 244, 461, 368, 530, 604, 747, 617, 364, 731, 706, 723, 637, 486, 661, 438, 631, 1123, 623, 627, 795, 705, 810, 715, 195, 700, 982, 1005, 438, 612, 543, 429, 712, 571, 666, 519, 625, 771, 373, 652, 898, 644, 1003, 361, 933, 250, 281, 565, 546, 478, 194, 548, 314, 882, 297, 694, 488, 766, 419, 528, 384, 335, -1, 286, 723, 696, 503, 869, 599, 540, 547, 1066, 564, 901, 837, 602, 283, 697, 457, 
437, 874, 642, 551, 836, 724, 659, 983, 454, 219, 640, 1001, 372, 406, 254, 451, 448, 1008, 770, 625, 889, 800, 927, 848, 738, 737, 304, 717, 1157, 650, 810, 942, 776, 905, 732, 348, 512, 1035, 1001, 534, 716, 751, 509, 871, 642, 517, 544, 703, 942, 513, 776, 888, 453, 920, 428, 1003, 451, 404, 598, 619, 539, 159, 466, 509, 1126, 269, 590, 376, 854, 625, 607, 653, 569, 286, -1, 785, 825, 520, 946, 471, 340, 415, 1156, 578, 779, 1081, 759, 518, 803, 693, 
807, 803, 914, 466, 541, 533, 628, 661, 918, 868, 1161, 876, 615, 869, 563, 716, 891, 772, 401, 961, 433, 169, 870, 480, 700, 436, 871, 513, 851, 948, 419, 578, 496, 392, 699, 781, 926, 751, 362, 497, 825, 1020, 501, 857, 349, 606, 808, 163, 787, 1053, 933, 476, 791, 498, 377, 634, 759, 462, 319, 239, 378, 789, 708, 844, 1094, 726, 516, 809, 440, 769, 1057, 775, 961, 723, 785, -1, 518, 991, 349, 666, 833, 969, 868, 895, 1008, 832, 943, 853, 332, 555, 
796, 878, 683, 808, 791, 900, 784, 599, 1117, 966, 1112, 647, 541, 743, 736, 841, 770, 601, 178, 832, 578, 578, 804, 605, 763, 248, 813, 867, 762, 688, 629, 766, 752, 623, 379, 632, 861, 675, 847, 585, 1082, 834, 769, 501, 420, 692, 522, 477, 554, 864, 556, 781, 804, 941, 543, 303, 649, 518, 675, 374, 619, 758, 597, 888, 720, 647, 698, 782, 417, 890, 830, 604, 861, 696, 825, 518, -1, 717, 378, 909, 1002, 1066, 511, 1136, 1018, 577, 958, 793, 739, 396, 
610, 1048, 430, 951, 1086, 1078, 920, 993, 920, 678, 753, 906, 477, 378, 680, 764, 401, 970, 760, 637, 1033, 1029, 973, 1004, 916, 716, 442, 1084, 1128, 422, 1011, 1135, 1034, 1079, 549, 340, 554, 1030, 1287, 740, 1112, 676, 881, 658, 770, 705, 279, 901, 852, 381, 460, 1127, 607, 1249, 700, 868, 507, 621, 921, 764, 828, 435, 471, 759, 879, 389, 830, 534, 902, 903, 412, 629, 622, 503, 520, 991, 717, -1, 992, 883, 795, 776, 958, 1032, 889, 980, 919, 636, 1103, 700, 
1005, 873, 837, 782, 610, 709, 753, 428, 1122, 1079, 1214, 748, 753, 979, 772, 811, 944, 804, 378, 1064, 458, 406, 846, 625, 876, 436, 927, 774, 582, 859, 644, 627, 588, 385, 549, 849, 936, 514, 555, 576, 1082, 1020, 792, 696, 348, 710, 751, 339, 627, 1132, 807, 498, 906, 703, 597, 454, 818, 603, 643, 402, 554, 910, 690, 1003, 980, 790, 580, 848, 245, 996, 1036, 816, 1101, 869, 946, 349, 378, 992, -1, 832, 1003, 1099, 549, 1151, 963, 730, 1007, 956, 639, 607, 
818, 785, 796, 509, 540, 374, 525, 800, 376, 542, 726, 1009, 677, 817, 333, 217, 745, 1151, 843, 916, 752, 643, 885, 842, 848, 846, 498, 535, 957, 786, 820, 742, 497, 674, 824, 663, 604, 843, 725, 436, 673, 910, 549, 956, 537, 563, 760, 575, 923, 916, 948, 537, 665, 640, 495, 1076, 637, 483, 575, 641, 382, 520, 550, 657, 1293, 503, 358, 423, 719, 770, 834, 836, 918, 599, 471, 666, 909, 883, 832, -1, 237, 393, 1136, 565, 583, 1142, 731, 714, 691, 831, 
742, 873, 779, 587, 737, 570, 630, 967, 259, 391, 622, 1093, 657, 725, 338, 292, 666, 1213, 942, 856, 916, 820, 965, 954, 885, 928, 398, 669, 1120, 769, 926, 910, 689, 873, 882, 606, 550, 1005, 935, 553, 694, 886, 599, 1010, 686, 601, 746, 742, 1021, 800, 955, 767, 615, 825, 566, 1175, 618, 543, 677, 752, 534, 417, 565, 615, 1324, 456, 516, 382, 885, 762, 761, 845, 836, 540, 340, 833, 1002, 795, 1003, 237, -1, 236, 1253, 517, 626, 1230, 752, 674, 834, 890, 
822, 810, 812, 733, 770, 762, 612, 988, 260, 441, 401, 1027, 726, 803, 499, 312, 757, 1226, 1016, 787, 953, 930, 878, 1000, 891, 1039, 373, 751, 1138, 702, 1006, 921, 732, 936, 936, 581, 609, 1014, 1101, 577, 712, 755, 715, 959, 758, 778, 749, 850, 975, 734, 899, 871, 773, 1027, 684, 1273, 558, 607, 836, 874, 620, 417, 622, 547, 1256, 467, 663, 369, 937, 775, 635, 797, 801, 547, 415, 969, 1066, 776, 1099, 393, 236, -1, 1271, 538, 603, 1203, 620, 590, 951, 915, 
1253, 1068, 768, 1215, 935, 1116, 1022, 461, 1390, 1329, 1243, 667, 976, 1123, 1087, 1018, 1039, 972, 658, 1172, 798, 897, 910, 976, 1157, 712, 1011, 1194, 465, 724, 1053, 932, 926, 772, 498, 945, 990, 472, 1083, 830, 1434, 998, 1190, 503, 666, 982, 707, 797, 538, 1177, 611, 876, 1116, 1187, 954, 552, 921, 883, 1099, 804, 916, 1069, 767, 1208, 822, 911, 876, 943, 508, 1298, 955, 911, 1250, 1066, 1156, 868, 511, 958, 549, 1136, 1253, 1271, -1, 1478, 983, 734, 1124, 1089, 1121, 811, 
727, 711, 1168, 483, 768, 833, 543, 1178, 307, 418, 753, 1116, 735, 919, 547, 617, 1019, 1076, 1008, 728, 882, 820, 899, 799, 631, 1073, 768, 480, 1382, 1062, 766, 834, 723, 927, 1177, 734, 1016, 1234, 1016, 655, 247, 875, 457, 1152, 847, 946, 1025, 819, 1108, 841, 1148, 953, 960, 998, 634, 1365, 679, 626, 668, 856, 605, 606, 938, 423, 1310, 726, 868, 773, 1042, 442, 947, 792, 703, 564, 578, 895, 1136, 1032, 1151, 565, 517, 538, 1478, -1, 1062, 1180, 655, 591, 699, 857, 
1177, 1021, 633, 1042, 795, 745, 845, 710, 802, 937, 718, 1014, 968, 1021, 773, 462, 816, 1404, 1051, 1152, 1000, 1002, 987, 1190, 1224, 1045, 536, 1026, 740, 595, 1225, 994, 783, 891, 759, 827, 486, 689, 1080, 694, 1166, 965, 1053, 877, 728, 774, 717, 889, 895, 1064, 841, 726, 858, 1007, 890, 1146, 805, 806, 1048, 946, 767, 757, 526, 986, 1315, 640, 547, 427, 794, 1203, 759, 1024, 1202, 901, 779, 1008, 1018, 889, 963, 583, 626, 603, 983, 1062, -1, 1251, 893, 948, 1154, 1076, 
1038, 634, 1085, 1009, 821, 1237, 736, 750, 1234, 1145, 1099, 320, 821, 1101, 1030, 1023, 1196, 386, 550, 742, 540, 765, 493, 534, 644, 778, 1059, 918, 929, 868, 677, 649, 805, 713, 842, 794, 1238, 806, 1133, 707, 1046, 647, 935, 482, 693, 1171, 842, 740, 397, 939, 658, 1005, 1262, 1308, 826, 838, 689, 732, 960, 767, 797, 959, 972, 838, 360, 899, 1070, 1026, 639, 854, 877, 491, 859, 837, 1081, 832, 577, 980, 730, 1142, 1230, 1203, 734, 1180, 1251, -1, 776, 732, 863, 444, 
956, 290, 1042, 819, 598, 1020, 342, 850, 648, 749, 477, 591, 796, 1041, 772, 583, 1092, 885, 887, 579, 663, 826, 336, 709, 601, 1047, 720, 657, 1038, 746, 811, 579, 582, 753, 999, 623, 1008, 880, 1142, 489, 612, 390, 753, 714, 707, 1091, 840, 792, 627, 760, 776, 891, 1145, 1220, 747, 1248, 437, 608, 911, 883, 607, 646, 849, 382, 858, 663, 903, 684, 801, 620, 618, 497, 710, 602, 759, 943, 958, 919, 1007, 731, 752, 620, 1124, 655, 893, 776, -1, 375, 853, 690, 
613, 500, 873, 678, 740, 995, 443, 922, 614, 507, 510, 649, 488, 716, 591, 591, 839, 712, 717, 240, 703, 785, 521, 627, 431, 837, 564, 661, 1127, 641, 682, 720, 694, 820, 844, 323, 869, 972, 1129, 462, 586, 314, 578, 652, 651, 908, 636, 725, 672, 415, 635, 962, 908, 1174, 554, 1075, 195, 424, 749, 714, 560, 387, 704, 177, 754, 456, 848, 590, 802, 414, 469, 263, 347, 283, 518, 853, 793, 636, 956, 714, 674, 590, 1089, 591, 948, 732, 375, -1, 780, 484, 
779, 680, 1126, 316, 538, 655, 530, 868, 824, 800, 1140, 928, 661, 956, 592, 761, 1048, 731, 574, 880, 446, 248, 829, 353, 517, 671, 956, 284, 1082, 1091, 252, 517, 493, 493, 950, 821, 1096, 955, 494, 538, 568, 999, 343, 989, 534, 807, 974, 354, 889, 1047, 1072, 631, 945, 639, 420, 916, 764, 502, 294, 444, 399, 809, 893, 715, 1138, 811, 712, 910, 657, 561, 1116, 749, 874, 697, 803, 332, 739, 1103, 639, 691, 834, 951, 1121, 699, 1154, 863, 853, 780, -1, 576, 
609, 603, 844, 627, 698, 935, 547, 750, 915, 754, 926, 544, 394, 706, 634, 757, 839, 345, 281, 498, 467, 527, 582, 337, 380, 469, 759, 648, 966, 722, 391, 613, 649, 617, 645, 466, 944, 828, 903, 455, 768, 590, 541, 531, 457, 804, 598, 472, 534, 652, 592, 840, 871, 1013, 419, 680, 423, 356, 573, 411, 498, 602, 690, 561, 602, 572, 784, 751, 551, 531, 718, 283, 543, 457, 693, 555, 396, 700, 607, 831, 890, 915, 811, 857, 1076, 444, 690, 484, 576, -1]